,text_id,sent_id,trigger_idx,trigger,trigger_len,trigger_freq,trigger_surp,target_idx,target,target_len,target_freq,target_surp,ji_surp,j_surp,pmi,e_pmi,e_ppmi,e_npmi,e_pmi_i,e_ppmi_i,e_npmi_i,is_multitok,top_j_preds,top_ji_preds,mask_type
0,10,65.0,1,is,2,7.07,5.067392613495786,0,what,4,6.38,0.0,0.009646697901189327,0.0005780634819529951,0.009068634419236332,0.008618327967878512,0.00933698763928023,0.0007186596714017168,-8.236315408863081,2.3544469959270344e-08,8.236315432407551,False,"['what', 'whatever', 'that', 'which', 'something']","['what', 'why', 'something', 'not', 'the']",none
1,10,65.0,2,so,2,6.52,7.045905151849227,0,what,4,6.38,0.0,0.0010959457140415907,0.0005780634819529951,0.0005178822320885956,0.000245903712977261,0.0005691186380564419,0.0003232149250791809,-1.1321853602891283,0.0002139892764503701,1.1323993495655784,False,"['what', 'whatever', 'that', 'which', 'something']","['what', 'whatever', 'which', 'something', 'that']",none
2,10,65.0,2,so,2,6.52,7.045905151849227,1,is,2,7.07,5.067392613495786,0.04116084799170494,0.01257472112774849,0.02858612686395645,0.017143222050666124,0.028381921649346872,0.011238699598680743,-6.996276762006063,1.4326110232483908e-06,6.996278194617085,False,"['is', 'seems', 'gets', 'becomes', 'feels']","['is', 'gets', 'seems', 'makes', 'becomes']",none
3,10,65.0,3,unpleasant,10,3.8,10.97457889163446,0,what,4,6.38,0.0,0.0018791017355397344,0.0005780634819529951,0.0013010382535867393,0.0008745212606648671,0.001300517125354933,0.00042599586469006594,-2.27655630625167,1.6283822300284786e-06,2.2765579346339,False,"['what', 'whatever', 'that', 'which', 'something']","['what', 'there', 'whatever', 'it', 'that']",none
4,10,65.0,3,unpleasant,10,3.8,10.97457889163446,1,is,2,7.07,5.067392613495786,0.11179716140031815,0.01257472112774849,0.09922244027256966,0.08889849519540294,0.10004154559417673,0.01114305039877379,-7.652327834276143,3.876260571865571e-06,7.652331710536715,False,"['is', 'seems', 'gets', 'becomes', 'feels']","['is', 'makes', 'gets', 'brings', 'seems']",none
5,10,65.0,3,unpleasant,10,3.8,10.97457889163446,2,so,2,6.52,7.045905151849227,5.96514892578125,4.940732002258301,1.0244169235229492,3.826567831562181,3.841858489915046,0.015290658352864516,-13.179558389454687,0.0036945375796654948,13.183252927034351,False,"['most', 'particularly', 'especially', 'really', 'more']","['striking', 'special', 'really', 'interesting', 'best']",none
6,10,65.0,4,about,5,6.4,1.028931793952807,0,what,4,6.38,0.0,1.97821843624115,0.0005780634819529951,1.977640372759197,1.974257270331859,1.9768481244537979,0.00259085412193876,-9.1557053714411,8.542089378727107e-06,9.155713913530478,False,"['what', 'whatever', 'that', 'which', 'something']","['it', 'what', 'this', 'life', 'everything']",none
7,10,65.0,4,about,5,6.4,1.028931793952807,1,is,2,7.07,5.067392613495786,0.04143976420164108,0.01257472112774849,0.028865043073892593,0.015556165028820798,0.028617760250134912,0.013061595221314112,-4.332294763726008,4.531686301941277e-05,4.332340080589027,False,"['is', 'seems', 'gets', 'becomes', 'feels']","['is', 'becomes', 'seems', 'gets', 'was']",none
8,10,65.0,4,about,5,6.4,1.028931793952807,2,so,2,6.52,7.045905151849227,5.959028720855713,4.940732002258301,1.018296718597412,0.4299772408822679,0.6498194179358859,0.21984217705361778,-1.7125323547234805,0.000437711858032881,1.7129700665815133,False,"['most', 'particularly', 'especially', 'really', 'more']","['most', 'more', 'particularly', 'especially', 'really']",none
9,10,65.0,4,about,5,6.4,1.028931793952807,3,unpleasant,10,3.8,10.97457889163446,12.328105926513672,10.869739532470703,1.4583663940429688,0.9299136063076536,1.190981819165181,0.26106821285752735,-3.6459273303066495,4.054985536012433e-05,3.6459678801620092,False,"['striking', 'interesting', 'remarkable', 'special', 'strange']","['important', 'different', 'interesting', 'significant', 'remarkable']",none
10,10,65.0,5,all,3,6.52,7.316653024644298,0,what,4,6.38,0.0,0.003090137615799904,0.0005780634819529951,0.002512074133846909,0.0017993743335253613,0.0025114515992421785,0.0007120772657168182,-1.1810070168365872,5.7955677595599655e-05,1.1810649725141826,False,"['what', 'whatever', 'that', 'which', 'something']","['what', 'whatever', 'something', 'it', 'there']",none
11,10,65.0,5,all,3,6.52,7.316653024644298,1,is,2,7.07,5.067392613495786,0.01676003262400627,0.01257472112774849,0.004185311496257782,0.0032976377489400068,0.006782471289069465,0.003484833540129458,-3.1819276128837277,0.0004524060262262567,3.1823800189099543,False,"['is', 'seems', 'gets', 'becomes', 'feels']","['is', 'seems', 'was', 'feels', 'gets']",none
12,10,65.0,5,all,3,6.52,7.316653024644298,2,so,2,6.52,7.045905151849227,2.3720240592956543,4.940732002258301,-2.5687079429626465,0.42381863234285183,0.6687491468421971,0.24493051449934522,-0.5440635466639381,0.0009356518295880396,0.5449991984935263,False,"['most', 'particularly', 'especially', 'really', 'more']","['most', 'so', 'really', 'more', 'particularly']",none
13,10,65.0,5,all,3,6.52,7.316653024644298,3,unpleasant,10,3.8,10.97457889163446,9.26534652709961,10.869739532470703,-1.6043930053710938,0.5779032852918745,0.8467740553112385,0.2688707700193637,-3.9905471826715915,0.0018432772749064792,3.992390459946499,False,"['striking', 'interesting', 'remarkable', 'special', 'strange']","['special', 'interesting', 'different', 'sad', 'important']",none
14,10,65.0,5,all,3,6.52,7.316653024644298,4,about,5,6.4,1.028931793952807,2.4144980907440186,0.0851161852478981,2.3293819054961205,2.1721220014454974,2.2389037452068825,0.06678174376138493,-3.4360424109588803,0.0008574495885943385,3.436899860547475,False,"['about', 'in', 'with', 'of', ',']","['is', 'about', '?', ',', 'and']",none
15,10,65.0,6,this,4,6.82,1.068575617216416,0,what,4,6.38,0.0,0.0010526598198339343,0.0005780634819529951,0.00047459633788093925,0.0002107892895182268,0.0004850039673390393,0.00027421467782081255,-2.3136219445425814,1.1641824313501742e-05,2.3136335863668944,False,"['what', 'whatever', 'that', 'which', 'something']","['what', 'whatever', 'it', 'there', 'that']",none
16,10,65.0,6,this,4,6.82,1.068575617216416,1,is,2,7.07,5.067392613495786,0.02458275482058525,0.01257472112774849,0.012008033692836761,0.004322632833561182,0.011903824884797576,0.0075811920512363976,-2.6777361611718438,7.204877807068577e-08,2.677736233220622,False,"['is', 'seems', 'gets', 'becomes', 'feels']","['is', 'seems', 'feels', 'becomes', 'gets']",none
17,10,65.0,6,this,4,6.82,1.068575617216416,2,so,2,6.52,7.045905151849227,4.8492302894592285,4.940732002258301,-0.09150171279907227,0.12317726898513257,0.34383436131298606,0.22065709232785372,-1.0452934354106287,8.404267673066932e-05,1.0453774780873601,False,"['most', 'particularly', 'especially', 'really', 'more']","['most', 'particularly', 'more', 'especially', 'really']",none
18,10,65.0,6,this,4,6.82,1.068575617216416,3,unpleasant,10,3.8,10.97457889163446,10.399984359741211,10.869739532470703,-0.4697551727294922,0.09132774088233009,0.26584049954404876,0.17451275866171864,-1.5183159589136952,7.309773787920161e-05,1.5183890566515745,False,"['striking', 'interesting', 'remarkable', 'special', 'strange']","['striking', 'special', 'unique', 'different', 'important']",none
19,10,65.0,6,this,4,6.82,1.068575617216416,4,about,5,6.4,1.028931793952807,4.085369110107422,0.0851161852478981,4.000252924859524,3.6709274312290323,3.778279038867047,0.10735160763801412,-4.642043400610938,0.0002078521148798931,4.642251252725816,False,"['about', 'in', 'with', 'of', ',']","['to', 'for', 'of', 'in', 'about']",none
20,10,65.0,6,this,4,6.82,1.068575617216416,5,all,3,6.52,7.316653024644298,8.956074714660645,0.2958838939666748,8.66019082069397,7.461228816462722,7.6093042633226515,0.14807544685992954,-7.218915052751793,0.00038391913894069996,7.219298971890733,False,"['all', 'doing', 'being', 'having', '...']","['the', 'being', 'this', 'a', 'becoming']",none
21,10,65.0,7,is,2,7.07,8.204936360025501,0,what,4,6.38,0.0,0.01711597666144371,0.0005780634819529951,0.016537913179490715,0.015371876110648273,0.01653186515972544,0.001159989049077168,-3.7654222383752796,2.1035170194098397e-06,3.7654243418923,False,"['what', 'whatever', 'that', 'which', 'something']","['what', 'something', 'there', 'whatever', 'it']",none
22,10,65.0,7,is,2,7.07,8.204936360025501,1,is,2,7.07,5.067392613495786,0.013256344944238663,0.01257472112774849,0.0006816238164901733,0.004959817125789939,0.0066715871631112325,0.0017117700373212924,-0.04682762875528663,0.0009730073692183911,0.047800636124505025,False,"['is', 'seems', 'gets', 'becomes', 'feels']","['is', 'was', 'seems', 'gets', 'becomes']",none
23,10,65.0,7,is,2,7.07,8.204936360025501,2,so,2,6.52,7.045905151849227,2.300374984741211,4.940732002258301,-2.64035701751709,0.2609157256226172,0.43373304165378335,0.17281731603116615,-1.0020649075558745,1.3791919133626797e-05,1.0020786994750086,False,"['most', 'particularly', 'especially', 'really', 'more']","['most', 'so', 'particularly', 'really', 'especially']",none
24,10,65.0,7,is,2,7.07,8.204936360025501,3,unpleasant,10,3.8,10.97457889163446,11.15719985961914,10.869739532470703,0.2874603271484375,0.14062165345440375,0.32717454801465007,0.18655289456024626,-0.9181127189777075,0.00010151044350113345,0.9182142294212087,False,"['striking', 'interesting', 'remarkable', 'special', 'strange']","['special', 'interesting', 'different', 'strange', 'remarkable']",none
25,10,65.0,7,is,2,7.07,8.204936360025501,4,about,5,6.4,1.028931793952807,0.1030455231666565,0.0851161852478981,0.017929337918758392,0.01617089745378438,0.027869804593516727,0.011698907139732343,-3.016343502272553,0.0009443113991589192,3.0172878136717114,False,"['about', 'in', 'with', 'of', ',']","['about', 'in', 'is', 'with', 'of']",none
26,10,65.0,7,is,2,7.07,8.204936360025501,5,all,3,6.52,7.316653024644298,0.2115238904953003,0.2958838939666748,-0.08436000347137451,0.055278439874494066,0.137283228658184,0.08200478878368994,-0.11220333413242954,0.026775699818172415,0.13897903395060193,False,"['all', 'doing', 'being', 'having', '...']","['all', 'doing', 'saying', 'having', 'achieving']",none
27,10,65.0,7,is,2,7.07,8.204936360025501,6,this,4,6.82,1.068575617216416,0.09064678847789764,0.08315078914165497,0.007495999336242676,0.016112856463783503,0.025688331970152623,0.00957547550636912,-8.664488105943825,1.2177357228791414e-05,8.664500283301049,False,"['this', 'that', 'these', 'women', 'life']","['this', 'that', 'these', 'women', 'is']",none
28,10,65.0,8,the,3,7.73,4.032598697154909,0,what,4,6.38,0.0,0.0006276151980273426,0.0005780634819529951,4.9551716074347496e-05,5.314151463054867e-06,5.6242580194485197e-05,5.092842873143029e-05,-0.07734588033534444,6.129469179218993e-05,0.07740717502713666,False,"['what', 'whatever', 'that', 'which', 'something']","['what', 'whatever', 'which', 'that', 'something']",none
29,10,65.0,8,the,3,7.73,4.032598697154909,1,is,2,7.07,5.067392613495786,0.012733993120491505,0.01257472112774849,0.0001592719927430153,0.00012049853231729728,0.0006733410925786936,0.0005528425602613964,0.1827230895121943,0.18293523945125906,0.00021214993906475992,False,"['is', 'seems', 'gets', 'becomes', 'feels']","['is', 'seems', 'gets', 'becomes', 'feels']",none
30,10,65.0,8,the,3,7.73,4.032598697154909,2,so,2,6.52,7.045905151849227,4.297596454620361,4.940732002258301,-0.6431355476379395,0.01507970630728668,0.08465076469054578,0.06957105838325911,-0.07216904756369724,9.969599573385942e-05,0.07226874355943114,False,"['most', 'particularly', 'especially', 'really', 'more']","['most', 'particularly', 'especially', 'really', 'more']",none
31,10,65.0,8,the,3,7.73,4.032598697154909,3,unpleasant,10,3.8,10.97457889163446,9.423762321472168,10.869739532470703,-1.4459772109985352,0.11668953577469311,0.288820579930787,0.1721310441560939,-0.5569917496070842,1.28049170656146e-06,0.5569930300987908,False,"['striking', 'interesting', 'remarkable', 'special', 'strange']","['striking', 'strange', 'interesting', 'special', 'disturbing']",none
32,10,65.0,8,the,3,7.73,4.032598697154909,4,about,5,6.4,1.028931793952807,0.08179787546396255,0.0851161852478981,-0.003318309783935547,0.0007020711858663146,0.005968454155998075,0.00526638297013176,0.26190784177680443,0.26356890658711457,0.0016610648103101528,False,"['about', 'in', 'with', 'of', ',']","['about', 'in', 'with', 'of', ',']",none
33,10,65.0,8,the,3,7.73,4.032598697154909,5,all,3,6.52,7.316653024644298,0.19309484958648682,0.2958838939666748,-0.10278904438018799,0.033023152637877785,0.11712134523071478,0.08409819259283699,1.7390229849257148,1.739023131281443,1.4635572853846523e-07,False,"['all', 'doing', 'being', 'having', '...']","['all', 'doing', 'being', '...', 'saying']",none
34,10,65.0,8,the,3,7.73,4.032598697154909,6,this,4,6.82,1.068575617216416,0.06269209831953049,0.08315078914165497,-0.02045869082212448,0.012591064883908931,0.03302969241747886,0.02043862753356993,0.4378800310597341,0.438092002236247,0.00021197117651290258,False,"['this', 'that', 'these', 'women', 'life']","['this', 'that', 'these', 'women', 'it']",none
35,10,65.0,8,the,3,7.73,4.032598697154909,7,is,2,7.07,8.204936360025501,0.06024567410349846,0.05299006402492523,0.007255610078573227,0.013782175061822706,0.024832545070689035,0.011050370008866328,-6.689732309323283,1.228444609693013e-05,6.6897445937693805,False,"['is', '?', ',', '-', ':']","['is', '?', ',', 'are', 'was']",none
36,10,65.0,9,atmosphere,10,4.46,11.08973085456479,0,what,4,6.38,0.0,0.0009280588710680604,0.0005780634819529951,0.00034999538911506534,7.815022842164453e-05,0.00034985517997606144,0.00027170495155441697,-1.0216842623038822,5.954962737597803e-11,1.0216842623634317,False,"['what', 'whatever', 'that', 'which', 'something']","['what', 'whatever', 'which', 'that', 'something']",none
37,10,65.0,9,atmosphere,10,4.46,11.08973085456479,1,is,2,7.07,5.067392613495786,0.014849730767309666,0.01257472112774849,0.0022750096395611763,0.00022912174738094063,0.0022614264083855246,0.002032304661004584,-0.43507129921262055,0.00019082749873343242,0.43526212671135406,False,"['is', 'seems', 'gets', 'becomes', 'feels']","['is', 'seems', 'gets', 'becomes', 'feels']",none
38,10,65.0,9,atmosphere,10,4.46,11.08973085456479,2,so,2,6.52,7.045905151849227,4.453272819519043,4.940732002258301,-0.4874591827392578,0.008975790249574515,0.06376907279634633,0.054793282546771835,0.04801337772410415,0.09652672100320933,0.048513343279105184,False,"['most', 'particularly', 'especially', 'really', 'more']","['most', 'particularly', 'especially', 'really', 'more']",none
39,10,65.0,9,atmosphere,10,4.46,11.08973085456479,3,unpleasant,10,3.8,10.97457889163446,10.465085983276367,10.869739532470703,-0.40465354919433594,0.0761928916886703,0.22624570327672341,0.15005281158805311,-0.12432066766960792,0.04855022022755026,0.17287088789715818,False,"['striking', 'interesting', 'remarkable', 'special', 'strange']","['striking', 'strange', 'interesting', 'different', 'remarkable']",none
40,10,65.0,9,atmosphere,10,4.46,11.08973085456479,4,about,5,6.4,1.028931793952807,0.09641792625188828,0.0851161852478981,0.011301741003990173,0.0010405867239760334,0.011253344349699015,0.010212757625722975,-0.3669662057805397,0.0006231102707242162,0.3675893160512639,False,"['about', 'in', 'with', 'of', ',']","['about', 'in', 'with', 'of', ',']",none
41,10,65.0,9,atmosphere,10,4.46,11.08973085456479,5,all,3,6.52,7.316653024644298,0.397744357585907,0.2958838939666748,0.10186046361923218,0.02213312722797492,0.09087496188000913,0.06874183465203423,-0.26954446334429644,0.10687935188984561,0.376423815234142,False,"['all', 'doing', 'being', 'having', '...']","['all', 'doing', 'saying', 'being', '...']",none
42,10,65.0,9,atmosphere,10,4.46,11.08973085456479,6,this,4,6.82,1.068575617216416,0.09233628213405609,0.08315078914165497,0.009185492992401123,0.004176944156670125,0.016566326642180412,0.012389382485510284,0.05919108208403002,0.30603530030441956,0.2468442182203895,False,"['this', 'that', 'these', 'women', 'life']","['this', 'that', 'these', 'women', 'things']",none
43,10,65.0,9,atmosphere,10,4.46,11.08973085456479,7,is,2,7.07,8.204936360025501,0.07380672544240952,0.05299006402492523,0.020816661417484283,0.006019869156521844,0.020887558542500125,0.014867689385978277,-1.0880270403940195,0.00044352221830741534,1.088470562612327,False,"['is', '?', ',', '-', ':']","['is', '?', ',', '-', 'and']",none
44,10,65.0,9,atmosphere,10,4.46,11.08973085456479,8,the,3,7.73,4.032598697154909,0.14483429491519928,0.07130949944257736,0.07352479547262192,0.2541212618903068,0.2617721290603601,0.007650867170053317,-4.55780668994479,4.506129353672483e-05,4.557851751238327,False,"['the', 'an', 'this', 'its', 'that']","['the', 'a', 'its', 'this', 'that']",none
45,10,65.0,10,of,2,7.4,2.3370083392645147,0,what,4,6.38,0.0,0.0006217652698978782,0.0005780634819529951,4.370178794488311e-05,4.559341386864324e-06,5.274228461402883e-05,4.81829432271645e-05,-0.25470343187333905,3.824498944475623e-06,0.25470725637228353,False,"['what', 'whatever', 'that', 'which', 'something']","['what', 'whatever', 'which', 'that', 'something']",none
46,10,65.0,10,of,2,7.4,2.3370083392645147,1,is,2,7.07,5.067392613495786,0.012897444888949394,0.01257472112774849,0.00032272376120090485,6.360251573231054e-05,0.0006577210140904744,0.0005941184983581641,0.20975320266359287,0.20984648209898432,9.327943539152235e-05,False,"['is', 'seems', 'gets', 'becomes', 'feels']","['is', 'seems', 'gets', 'becomes', 'feels']",none
47,10,65.0,10,of,2,7.4,2.3370083392645147,2,so,2,6.52,7.045905151849227,4.554527759552002,4.940732002258301,-0.38620424270629883,0.004895661286397941,0.03711136322283592,0.03221570193643798,0.2239338190271514,0.22432969613717244,0.00039587711002112317,False,"['most', 'particularly', 'especially', 'really', 'more']","['most', 'particularly', 'especially', 'really', 'more']",none
48,10,65.0,10,of,2,7.4,2.3370083392645147,3,unpleasant,10,3.8,10.97457889163446,10.469131469726562,10.869739532470703,-0.4006080627441406,0.026157631154136794,0.11267502714954258,0.0865173959954058,0.13915614471975882,0.140372166715845,0.0012160219960862186,False,"['striking', 'interesting', 'remarkable', 'special', 'strange']","['striking', 'interesting', 'strange', 'remarkable', 'special']",none
49,10,65.0,10,of,2,7.4,2.3370083392645147,4,about,5,6.4,1.028931793952807,0.08492647111415863,0.0851161852478981,-0.00018971413373947144,0.0003139828242485169,0.0030302505678640674,0.002716267743615551,0.004651063796560699,0.006812506275832322,0.0021614424792716215,False,"['about', 'in', 'with', 'of', ',']","['about', 'in', 'with', 'of', ',']",none
50,10,65.0,10,of,2,7.4,2.3370083392645147,5,all,3,6.52,7.316653024644298,0.24359555542469025,0.2958838939666748,-0.05228833854198456,0.009303470169646964,0.05504979023878122,0.04574632006913426,0.31387297585191765,0.31389866534390043,2.568949198300359e-05,False,"['all', 'doing', 'being', 'having', '...']","['all', 'doing', 'being', '...', 'saying']",none
51,10,65.0,10,of,2,7.4,2.3370083392645147,6,this,4,6.82,1.068575617216416,0.058862458914518356,0.08315078914165497,-0.024288330227136612,0.010740310670035133,0.03383400051704039,0.02309368984700526,0.6725264739749814,0.6725282342251779,1.760250196486345e-06,False,"['this', 'that', 'these', 'women', 'life']","['this', 'that', 'these', 'women', 'it']",none
52,10,65.0,10,of,2,7.4,2.3370083392645147,7,is,2,7.07,8.204936360025501,0.0857844203710556,0.05299006402492523,0.03279435634613037,0.008547947145537972,0.03217087403996662,0.023622926894428645,-0.6517831590252775,0.0003114799141278402,0.6520946389394052,False,"['is', '?', ',', '-', ':']","['is', '?', ',', '-', ':']",none
53,10,65.0,10,of,2,7.4,2.3370083392645147,8,the,3,7.73,4.032598697154909,0.028951620683073997,0.07130949944257736,-0.042357878759503365,0.022141705287601614,0.06248694563924766,0.040345240351646036,-0.8495404408017292,9.827153034860711e-05,0.8496387123320779,False,"['the', 'an', 'this', 'its', 'that']","['the', 'an', 'its', 'this', 'that']",none
54,10,65.0,10,of,2,7.4,2.3370083392645147,9,atmosphere,10,4.46,11.08973085456479,12.768888473510742,6.211467742919922,6.55742073059082,4.788928108409754,4.859139323623862,0.07021121521410718,-7.1956780011536265,6.34478522078055e-05,7.195741449005833,False,"['sense', 'form', 'amount', 'kind', 'level']","['heavy', 'deep', 'full', 'collective', 'social']",none
55,10,65.0,11,blame,5,4.63,13.487923749814938,0,what,4,6.38,0.0,0.0006270990124903619,0.0005780634819529951,4.903553053736687e-05,2.984106075870764e-06,4.977360929276299e-05,4.678950321689223e-05,-0.30481441945451826,0.0014176421124559705,0.3062320615669742,False,"['what', 'whatever', 'that', 'which', 'something']","['what', 'whatever', 'that', 'which', 'something']",none
56,10,65.0,11,blame,5,4.63,13.487923749814938,1,is,2,7.07,5.067392613495786,0.012191102840006351,0.01257472112774849,-0.0003836182877421379,9.843993701317045e-05,0.0009379216116437858,0.0008394816746306151,-0.38630381498949606,0.0006301677047881227,0.3869339826942842,False,"['is', 'seems', 'gets', 'becomes', 'feels']","['is', 'seems', 'gets', 'becomes', 'feels']",none
57,10,65.0,11,blame,5,4.63,13.487923749814938,2,so,2,6.52,7.045905151849227,4.986362934112549,4.940732002258301,0.04563093185424805,0.013276243510075024,0.08547648920927708,0.07220024569920204,-0.3594185613475092,0.00017605799732065613,0.3595946193448299,False,"['most', 'particularly', 'especially', 'really', 'more']","['most', 'particularly', 'especially', 'really', 'more']",none
58,10,65.0,11,blame,5,4.63,13.487923749814938,3,unpleasant,10,3.8,10.97457889163446,11.847347259521484,10.869739532470703,0.9776077270507812,0.0556935077051019,0.18581980728631523,0.13012629958121333,0.2514763742620106,0.34301563968094756,0.09153926541893695,False,"['striking', 'interesting', 'remarkable', 'special', 'strange']","['striking', 'interesting', 'remarkable', 'special', 'unique']",none
59,10,65.0,11,blame,5,4.63,13.487923749814938,4,about,5,6.4,1.028931793952807,0.08416219055652618,0.0851161852478981,-0.0009539946913719177,0.0007435791951073074,0.004675665885759268,0.003932086690651961,0.031535784702788276,0.07388706807604682,0.04235128337325856,False,"['about', 'in', 'with', 'of', ',']","['about', 'in', 'with', 'of', 'to']",none
60,10,65.0,11,blame,5,4.63,13.487923749814938,5,all,3,6.52,7.316653024644298,0.4592859148979187,0.2958838939666748,0.1634020209312439,0.0411317500008109,0.13464941139341902,0.09351766139260816,-0.8902785756620499,0.025165526934588664,0.9154441025966389,False,"['all', 'doing', 'being', 'having', '...']","['all', 'doing', 'being', 'having', 'eating']",none
61,10,65.0,11,blame,5,4.63,13.487923749814938,6,this,4,6.82,1.068575617216416,0.1702096313238144,0.08315078914165497,0.08705884218215942,0.03499047166659751,0.08247264283060118,0.04748217116400366,-1.3644693360520972,0.020637242852553805,1.3851065789046513,False,"['this', 'that', 'these', 'women', 'life']","['this', 'that', 'these', 'women', 'life']",none
62,10,65.0,11,blame,5,4.63,13.487923749814938,7,is,2,7.07,8.204936360025501,0.07470761984586716,0.05299006402492523,0.021717555820941925,0.00472273787045312,0.020999053650780964,0.016276315780327844,-0.6772204149256464,2.656319990481824e-05,0.6772469781255512,False,"['is', '?', ',', '-', ':']","['is', '?', ',', ':', '-']",none
63,10,65.0,11,blame,5,4.63,13.487923749814938,8,the,3,7.73,4.032598697154909,0.061223190277814865,0.07130949944257736,-0.010086309164762497,0.0023659129856119336,0.014940843059430685,0.012574930073818753,-0.5916454530049453,0.006341820512361221,0.5979872735173066,False,"['the', 'an', 'this', 'its', 'that']","['the', 'an', 'its', 'this', 'that']",none
64,10,65.0,11,blame,5,4.63,13.487923749814938,9,atmosphere,10,4.46,11.08973085456479,7.280516624450684,6.211467742919922,1.0690488815307617,1.3218825324452395,1.652994157711936,0.3311116252666961,0.28627577725077374,0.7872408225053671,0.5009650452545933,False,"['sense', 'form', 'amount', 'kind', 'level']","['kind', 'sort', 'type', 'amount', 'form']",none
65,10,65.0,11,blame,5,4.63,13.487923749814938,10,of,2,7.4,2.3370083392645147,0.3258746564388275,0.023000340908765793,0.3028743155300617,0.2626580724537149,0.30565310763513975,0.042995035181424855,-4.003692626920391,0.002319692183583223,4.006012319103974,False,"['of', 'and', 'for', 'or', 'to']","['of', 'and', 'or', 'in', ',']",none
66,10,65.0,12,in,2,7.27,6.7205832524032445,0,what,4,6.38,0.0,0.0006396592943929136,0.0005780634819529951,6.159581243991852e-05,9.510024193460019e-06,7.81073427746855e-05,6.859731858122544e-05,-0.5566622225927026,1.8138770644456493e-07,0.556662403980409,False,"['what', 'whatever', 'that', 'which', 'something']","['what', 'whatever', 'which', 'that', 'something']",none
67,10,65.0,12,in,2,7.27,6.7205832524032445,1,is,2,7.07,5.067392613495786,0.013647451065480709,0.01257472112774849,0.0010727299377322197,0.00015360976333309676,0.0014205255194027155,0.001266915756069619,-0.2038358771410749,3.2569031309376085e-05,0.20386844617238434,False,"['is', 'seems', 'gets', 'becomes', 'feels']","['is', 'seems', 'becomes', 'gets', 'feels']",none
68,10,65.0,12,in,2,7.27,6.7205832524032445,2,so,2,6.52,7.045905151849227,4.565981388092041,4.940732002258301,-0.37475061416625977,0.005834186807416149,0.0474312510248008,0.04159706421738466,-0.11676990391922666,0.00030160589564151845,0.11707150981486819,False,"['most', 'particularly', 'especially', 'really', 'more']","['most', 'particularly', 'especially', 'really', 'more']",none
69,10,65.0,12,in,2,7.27,6.7205832524032445,3,unpleasant,10,3.8,10.97457889163446,9.61172103881836,10.869739532470703,-1.2580184936523438,0.07580134854125181,0.22589056532619983,0.15008921678494802,-0.6039770916768104,1.3090982837191065e-06,0.603978400775094,False,"['striking', 'interesting', 'remarkable', 'special', 'strange']","['striking', 'interesting', 'strange', 'special', 'important']",none
70,10,65.0,12,in,2,7.27,6.7205832524032445,4,about,5,6.4,1.028931793952807,0.11216294765472412,0.0851161852478981,0.02704676240682602,0.00417692167173225,0.02609785139380038,0.021920929722068123,-0.5045091022072138,4.5640891035760356e-05,0.5045547430982495,False,"['about', 'in', 'with', 'of', ',']","['about', 'in', 'with', 'of', ',']",none
71,10,65.0,12,in,2,7.27,6.7205832524032445,5,all,3,6.52,7.316653024644298,0.1648719161748886,0.2958838939666748,-0.1310119777917862,0.04453821509996257,0.15133802210048924,0.10679980700052666,0.12023046840648023,0.1202500393683015,1.9570961821300428e-05,False,"['all', 'doing', 'being', 'having', '...']","['all', 'doing', 'being', '...', 'al']",none
72,10,65.0,12,in,2,7.27,6.7205832524032445,6,this,4,6.82,1.068575617216416,0.07060739398002625,0.08315078914165497,-0.012543395161628723,0.006836294210705723,0.019752177330178117,0.01291588311947239,0.22682035657490193,0.22860537163802505,0.0017850150631230776,False,"['this', 'that', 'these', 'women', 'life']","['this', 'that', 'these', 'women', 'things']",none
73,10,65.0,12,in,2,7.27,6.7205832524032445,7,is,2,7.07,8.204936360025501,0.044726304709911346,0.05299006402492523,-0.008263759315013885,0.0017882251198371414,0.010944297648123689,0.009156072528286548,-0.4335279841870139,0.001002941762624629,0.43453092594963844,False,"['is', '?', ',', '-', ':']","['is', '?', ',', 'was', ':']",none
74,10,65.0,12,in,2,7.27,6.7205832524032445,8,the,3,7.73,4.032598697154909,0.1425853967666626,0.07130949944257736,0.07127589732408524,0.023538118935636856,0.0678525148614676,0.04431439592583073,-1.6212358328815855,1.0340207307636553e-06,1.6212368669023165,False,"['the', 'an', 'this', 'its', 'that']","['the', 'an', 'its', 'this', 'that']",none
75,10,65.0,12,in,2,7.27,6.7205832524032445,9,atmosphere,10,4.46,11.08973085456479,7.6240997314453125,6.211467742919922,1.4126319885253906,0.5160869720919181,0.7760370869166356,0.25995011482471725,-1.4644851704982405,0.0008678850041645148,1.4653530555024048,False,"['sense', 'form', 'amount', 'kind', 'level']","['sense', 'amount', 'level', 'kind', 'form']",none
76,10,65.0,12,in,2,7.27,6.7205832524032445,10,of,2,7.4,2.3370083392645147,0.03718411177396774,0.023000340908765793,0.01418377086520195,0.004220163894455212,0.014508179240416223,0.010288015345961014,-1.3307646245864138,0.003257658172597456,1.3340222827590116,False,"['of', 'and', 'for', 'or', 'to']","['of', 'and', 'to', 'for', 'or']",none
77,10,65.0,12,in,2,7.27,6.7205832524032445,11,blame,5,4.63,13.487923749814938,15.405081748962402,14.660164833068848,0.7449169158935547,0.29182458995489186,0.5203318761027453,0.22850728614785348,-5.270038142232697,1.4283864859406571e-05,5.270052426097553,False,"['life', 'society', 'poverty', 'isolation', 'boredom']","['life', 'society', 'age', 'youth', 'it']",none
78,10,65.0,13,which,5,6.3,4.315448687889257,0,what,4,6.38,0.0,0.000552342040464282,0.0005780634819529951,-2.5721441488713026e-05,1.1349168240575176e-05,6.808116674227607e-05,5.67319985017009e-05,0.052824324343060176,0.05445726688219799,0.0016329425391378252,False,"['what', 'whatever', 'that', 'which', 'something']","['what', 'whatever', 'that', 'which', 'something']",none
79,10,65.0,13,which,5,6.3,4.315448687889257,1,is,2,7.07,5.067392613495786,0.013201323337852955,0.01257472112774849,0.0006266022101044655,0.0001864282478212947,0.0012783506753001129,0.0010919224274788181,0.2506932128090688,0.2582964508117178,0.007603238002649099,False,"['is', 'seems', 'gets', 'becomes', 'feels']","['is', 'seems', 'gets', 'feels', 'becomes']",none
80,10,65.0,13,which,5,6.3,4.315448687889257,2,so,2,6.52,7.045905151849227,4.133744239807129,4.940732002258301,-0.8069877624511719,0.022681869814864225,0.09528508474085441,0.07260321492599019,0.022020429204640982,0.03224074898901704,0.010220319784376049,False,"['most', 'particularly', 'especially', 'really', 'more']","['most', 'particularly', 'especially', 'really', 'so']",none
81,10,65.0,13,which,5,6.3,4.315448687889257,3,unpleasant,10,3.8,10.97457889163446,9.790580749511719,10.869739532470703,-1.0791587829589844,0.1479497345154418,0.3346525635982228,0.18670282908278105,0.25041704658896985,0.25705042025541636,0.0066333736664463995,False,"['striking', 'interesting', 'remarkable', 'special', 'strange']","['striking', 'strange', 'disturbing', 'interesting', 'special']",none
82,10,65.0,13,which,5,6.3,4.315448687889257,4,about,5,6.4,1.028931793952807,0.08474543690681458,0.0851161852478981,-0.0003707483410835266,0.003882568559548306,0.012460234278031187,0.008577665718482884,0.8582150207581201,0.8582701459194986,5.512516137868588e-05,False,"['about', 'in', 'with', 'of', ',']","['about', 'in', 'with', 'of', 'to']",none
83,10,65.0,13,which,5,6.3,4.315448687889257,5,all,3,6.52,7.316653024644298,0.2157205045223236,0.2958838939666748,-0.0801633894443512,0.02597950300338547,0.10028600436644317,0.07430650136305772,-0.20019264265678058,0.00018953014710268578,0.20038217280388326,False,"['all', 'doing', 'being', 'having', '...']","['all', 'doing', 'being', '...', 'saying']",none
84,10,65.0,13,which,5,6.3,4.315448687889257,6,this,4,6.82,1.068575617216416,0.06354420632123947,0.08315078914165497,-0.019606582820415497,0.007540024558810807,0.026667040530141396,0.01912701597133059,0.5435214604842857,0.5436628971287716,0.0001414366444860042,False,"['this', 'that', 'these', 'women', 'life']","['this', 'that', 'these', 'women', 'it']",none
85,10,65.0,13,which,5,6.3,4.315448687889257,7,is,2,7.07,8.204936360025501,0.07823894917964935,0.05299006402492523,0.02524888515472412,0.005867115966786953,0.025048295355527203,0.019181179388740255,-0.7413213780736626,8.457592408119317e-07,0.7413222238329034,False,"['is', '?', ',', '-', ':']","['is', '?', ',', '-', ':']",none
86,10,65.0,13,which,5,6.3,4.315448687889257,8,the,3,7.73,4.032598697154909,0.040894899517297745,0.07130949944257736,-0.030414599925279617,0.012501407859523146,0.04165804497137037,0.029156637111847225,-0.11171385782563643,0.0029131745578497453,0.11462703238348618,False,"['the', 'an', 'this', 'its', 'that']","['the', 'an', 'its', 'this', 'that']",none
87,10,65.0,13,which,5,6.3,4.315448687889257,9,atmosphere,10,4.46,11.08973085456479,9.279865264892578,6.211467742919922,3.0683975219726562,1.1812265507423272,1.4476575179331337,0.2664309671908065,-1.2168648011469367,0.0015309786617446733,1.218395779808681,False,"['sense', 'form', 'amount', 'kind', 'level']","['sense', 'amount', 'lack', 'level', 'feeling']",none
88,10,65.0,13,which,5,6.3,4.315448687889257,10,of,2,7.4,2.3370083392645147,0.09767696261405945,0.023000340908765793,0.07467662170529366,0.04501008916035857,0.07383326508342238,0.028823175923063788,-3.5350665419609912,1.0702140985977853e-07,3.5350666489824007,False,"['of', 'and', 'for', 'or', 'to']","['of', 'and', 'to', 'for', 'or']",none
89,10,65.0,13,which,5,6.3,4.315448687889257,11,blame,5,4.63,13.487923749814938,15.265960693359375,14.660164833068848,0.6057958602905273,0.34290103847609416,0.5828488809706213,0.23994784249452716,-2.1948485938075564,0.00012014319098850579,2.194968736998545,False,"['life', 'society', 'poverty', 'isolation', 'boredom']","['life', 'society', 'it', 'poverty', 'youth']",none
90,10,65.0,13,which,5,6.3,4.315448687889257,12,in,2,7.27,6.7205832524032445,11.392692565917969,0.15021075308322906,11.24248181283474,10.970650324330908,10.990714028312428,0.020063703981516204,-11.509022418392096,2.2300423484702834e-05,11.509044718815577,False,"['in', 'under', 'within', 'with', 'through']","[',', '.', '-', ';', 'and']",none
91,10,65.0,14,it,2,6.95,3.0013969172287944,0,what,4,6.38,0.0,0.0005430513992905617,0.0005780634819529951,-3.5012082662433386e-05,7.30841407932773e-06,5.970100672789745e-05,5.2392592648569714e-05,-0.1920656979736601,0.0006970429344889734,0.19276274090814907,False,"['what', 'whatever', 'that', 'which', 'something']","['what', 'whatever', 'which', 'that', 'something']",none
92,10,65.0,14,it,2,6.95,3.0013969172287944,1,is,2,7.07,5.067392613495786,0.01497771218419075,0.01257472112774849,0.0024029910564422607,0.00026550924841234916,0.0023822555948278105,0.0021167463464154615,-0.4927335915958598,4.075674810633122e-06,0.49273766727067037,False,"['is', 'seems', 'gets', 'becomes', 'feels']","['is', 'seems', 'gets', 'becomes', 'feels']",none
93,10,65.0,14,it,2,6.95,3.0013969172287944,2,so,2,6.52,7.045905151849227,5.00165319442749,4.940732002258301,0.06092119216918945,0.006973190267108088,0.06684869545772922,0.059875505190621146,-0.06108144270709132,0.06341673879391403,0.12449818150100536,False,"['most', 'particularly', 'especially', 'really', 'more']","['most', 'particularly', 'especially', 'really', 'more']",none
94,10,65.0,14,it,2,6.95,3.0013969172287944,3,unpleasant,10,3.8,10.97457889163446,10.278181076049805,10.869739532470703,-0.5915584564208984,0.05039200675744883,0.16727750698778793,0.11688550023033911,-0.43571186914898735,0.011111079547375157,0.4468229486963624,False,"['striking', 'interesting', 'remarkable', 'special', 'strange']","['striking', 'interesting', 'strange', 'unique', 'special']",none
95,10,65.0,14,it,2,6.95,3.0013969172287944,4,about,5,6.4,1.028931793952807,0.08323095738887787,0.0851161852478981,-0.0018852278590202332,0.0007929644361863987,0.005621441925588904,0.004828477489402506,-0.17264370710613622,0.0038722886583691628,0.1765159957645054,False,"['about', 'in', 'with', 'of', ',']","['about', 'in', 'with', 'of', '?']",none
96,10,65.0,14,it,2,6.95,3.0013969172287944,5,all,3,6.52,7.316653024644298,0.23654252290725708,0.2958838939666748,-0.059341371059417725,0.037267371750793414,0.10974089466409098,0.07247352291329762,-0.36187477509503996,0.09174187106216342,0.4536166461572033,False,"['all', 'doing', 'being', 'having', '...']","['all', 'doing', 'being', '...', 'al']",none
97,10,65.0,14,it,2,6.95,3.0013969172287944,6,this,4,6.82,1.068575617216416,0.0772857666015625,0.08315078914165497,-0.005865022540092468,0.010640531268158074,0.02428271589766358,0.013642184629505501,0.6884720904723707,0.9660407213368013,0.2775686308644307,False,"['this', 'that', 'these', 'women', 'life']","['this', 'that', 'these', 'women', 'cases']",none
98,10,65.0,14,it,2,6.95,3.0013969172287944,7,is,2,7.07,8.204936360025501,0.15480926632881165,0.05299006402492523,0.10181920230388641,0.04917853300012771,0.09815039811919064,0.0489718651190629,-0.8786894845065802,2.7741658231861633e-06,0.8786922586724034,False,"['is', '?', ',', '-', ':']","['is', '?', ',', ':', '-']",none
99,10,65.0,14,it,2,6.95,3.0013969172287944,8,the,3,7.73,4.032598697154909,0.2759430408477783,0.07130949944257736,0.20463354140520096,0.1092800221059642,0.19476483960940114,0.08548481750343694,-1.1377422062570983,2.3327993087410715e-05,1.1377655342501858,False,"['the', 'an', 'this', 'its', 'that']","['the', 'an', 'this', 'its', 'that']",none
100,10,65.0,14,it,2,6.95,3.0013969172287944,9,atmosphere,10,4.46,11.08973085456479,6.416945934295654,6.211467742919922,0.20547819137573242,0.17513940291387306,0.36505274910124097,0.18991334618736783,-0.5788057324263908,0.021956247746581753,0.6007619801729724,False,"['sense', 'form', 'amount', 'kind', 'level']","['form', 'sense', 'kind', 'system', 'level']",none
101,10,65.0,14,it,2,6.95,3.0013969172287944,10,of,2,7.4,2.3370083392645147,0.017692843452095985,0.023000340908765793,-0.0053074974566698074,0.001554596907691405,0.007336052766068125,0.005781455858376719,-0.4953277817127614,0.004698261142220398,0.5000260428549819,False,"['of', 'and', 'for', 'or', 'to']","['of', 'and', 'for', 'or', 'to']",none
102,10,65.0,14,it,2,6.95,3.0013969172287944,11,blame,5,4.63,13.487923749814938,15.261205673217773,14.660164833068848,0.6010408401489258,0.0991430988364155,0.2665678366901146,0.1674247378536991,-0.09837570926151311,0.2089706352621721,0.3073463445236852,False,"['life', 'society', 'poverty', 'isolation', 'boredom']","['life', 'society', 'poverty', 'isolation', 'silence']",none
103,10,65.0,14,it,2,6.95,3.0013969172287944,12,in,2,7.27,6.7205832524032445,0.14910869300365448,0.15021075308322906,-0.001102060079574585,0.010414743964664913,0.02034182164736711,0.009927077682702198,-1.4437197451803883,0.000542578797077966,1.4442623239774663,False,"['in', 'under', 'within', 'with', 'through']","['in', 'under', 'within', 'with', ',']",none
104,10,65.0,14,it,2,6.95,3.0013969172287944,13,which,5,6.3,4.315448687889257,0.05212517827749252,0.06034286320209503,-0.008217684924602509,0.03588401669161101,0.04929919140661287,0.013415174715001858,-4.967747193790135,0.0014917653427811563,4.969238959132917,False,"['which', 'that', 'how', 'it', 'where']","['which', 'that', 'how', 'what', 'it']",none
105,10,65.0,15,is,2,7.07,1.3081637437765874,0,what,4,6.38,0.0,0.000614538905210793,0.0005780634819529951,3.6475423257797956e-05,1.597483770807046e-06,4.0513562015140586e-05,3.891607824433352e-05,-0.1673485372228775,4.0675735611170705e-08,0.1673485778986131,False,"['what', 'whatever', 'that', 'which', 'something']","['what', 'whatever', 'that', 'which', 'something']",none
106,10,65.0,15,is,2,7.07,1.3081637437765874,1,is,2,7.07,5.067392613495786,0.0133187435567379,0.01257472112774849,0.0007440224289894104,0.0002062430797867981,0.001538869917762746,0.001332626837975948,-0.004537237734525129,0.0012025202349780439,0.005739757969503172,False,"['is', 'seems', 'gets', 'becomes', 'feels']","['is', 'seems', 'gets', 'feels', 'becomes']",none
107,10,65.0,15,is,2,7.07,1.3081637437765874,2,so,2,6.52,7.045905151849227,4.914092063903809,4.940732002258301,-0.026639938354492188,0.00461964792125718,0.04850887509922407,0.043889227177966894,0.07643336794237444,0.07645374490275571,2.0376960381273225e-05,False,"['most', 'particularly', 'especially', 'really', 'more']","['most', 'particularly', 'especially', 'really', 'more']",none
108,10,65.0,15,is,2,7.07,1.3081637437765874,3,unpleasant,10,3.8,10.97457889163446,10.872170448303223,10.869739532470703,0.0024309158325195312,0.00956111785321562,0.06951600775582768,0.059954889902612066,0.21671048976280802,0.2167160784855793,5.588722771272091e-06,False,"['striking', 'interesting', 'remarkable', 'special', 'strange']","['striking', 'interesting', 'strange', 'remarkable', 'unique']",none
109,10,65.0,15,is,2,7.07,1.3081637437765874,4,about,5,6.4,1.028931793952807,0.0789809301495552,0.0851161852478981,-0.0061352550983428955,0.0005139297536832541,0.0074630299707836,0.006949100217100348,0.19610132348700426,0.19686643690805888,0.0007651134210546243,False,"['about', 'in', 'with', 'of', ',']","['about', 'in', 'with', 'of', ',']",none
110,10,65.0,15,is,2,7.07,1.3081637437765874,5,all,3,6.52,7.316653024644298,0.4266628921031952,0.2958838939666748,0.13077899813652039,0.02284190599697815,0.1066426579452911,0.08380075194831293,-0.518982486687274,7.264835627883635e-06,0.5189897515229017,False,"['all', 'doing', 'being', 'having', '...']","['all', 'doing', 'being', 'having', 'saying']",none
111,10,65.0,15,is,2,7.07,1.3081637437765874,6,this,4,6.82,1.068575617216416,0.09946398437023163,0.08315078914165497,0.01631319522857666,0.003924178582209099,0.018235405504907515,0.014311226922698414,-0.5099184021125148,1.0096444118637376e-06,0.5099194117569268,False,"['this', 'that', 'these', 'women', 'life']","['this', 'that', 'these', 'life', 'women']",none
112,10,65.0,15,is,2,7.07,1.3081637437765874,7,is,2,7.07,8.204936360025501,0.0943102017045021,0.05299006402492523,0.041320137679576874,0.011507940739827988,0.03984832131545744,0.028340380575629442,0.03299754733232641,0.04047397069802022,0.007476423365693811,False,"['is', '?', ',', '-', ':']","['is', '?', ',', '-', ':']",none
113,10,65.0,15,is,2,7.07,1.3081637437765874,8,the,3,7.73,4.032598697154909,0.03969750925898552,0.07130949944257736,-0.03161199018359184,0.010488650738475928,0.04057716437261421,0.03008851363413829,0.47470356530862867,0.4747091163142561,5.5510056275961164e-06,False,"['the', 'an', 'this', 'its', 'that']","['the', 'an', 'this', 'its', 'that']",none
114,10,65.0,15,is,2,7.07,1.3081637437765874,9,atmosphere,10,4.46,11.08973085456479,6.578984260559082,6.211467742919922,0.36751651763916016,0.022450895089079964,0.10618752847132246,0.0837366333822425,0.17735369022105796,0.17741519174289125,6.150152183323952e-05,False,"['sense', 'form', 'amount', 'kind', 'level']","['sense', 'form', 'amount', 'kind', 'level']",none
115,10,65.0,15,is,2,7.07,1.3081637437765874,10,of,2,7.4,2.3370083392645147,0.026914989575743675,0.023000340908765793,0.003914648666977882,0.0007490278255833472,0.0048982258535274215,0.0041491980279440765,-0.44229782071237717,1.0254314561537313e-06,0.44229884614383336,False,"['of', 'and', 'for', 'or', 'to']","['of', 'and', 'or', 'for', 'to']",none
116,10,65.0,15,is,2,7.07,1.3081637437765874,11,blame,5,4.63,13.487923749814938,14.921151161193848,14.660164833068848,0.260986328125,0.01894982994076675,0.09948231151802842,0.08053248157726166,-0.6040747211522776,5.800569691279727e-06,0.6040805217219687,False,"['life', 'society', 'poverty', 'isolation', 'boredom']","['life', 'society', 'poverty', 'isolation', 'decay']",none
117,10,65.0,15,is,2,7.07,1.3081637437765874,12,in,2,7.27,6.7205832524032445,0.13513310253620148,0.15021075308322906,-0.015077650547027588,0.007227634504861356,0.02768459411451628,0.020456959609654924,-1.015493123399315,1.2306166483167737e-05,1.0155054295657988,False,"['in', 'under', 'within', 'with', 'through']","['in', 'under', 'with', 'within', 'through']",none
118,10,65.0,15,is,2,7.07,1.3081637437765874,13,which,5,6.3,4.315448687889257,0.05073182284832001,0.06034286320209503,-0.009611040353775024,0.0077569900759457905,0.02344354176992794,0.015686551693982146,-0.7092528070051548,2.8256421272244588e-06,0.709255632647282,False,"['which', 'that', 'how', 'it', 'where']","['which', 'that', 'how', 'having', 'whom']",none
119,10,65.0,15,is,2,7.07,1.3081637437765874,14,it,2,6.95,3.0013969172287944,3.7288784980773926,1.8348495960235596,1.894028902053833,2.015716138629569,2.041460387775474,0.02574424914590436,-15.62049530817625,3.6134549477867595e-05,15.620531442725731,False,"['it', 'blame', 'life', 'suicide', 'everything']","['is', 'being', 'it', 'was', 'life']",none
120,10,65.0,16,carried,7,4.77,7.017450162554626,0,what,4,6.38,0.0,0.0005574174574576318,0.0005780634819529951,-2.0646024495363235e-05,1.7796014033025422e-06,3.367184436894815e-05,3.1892242965645615e-05,-0.2968938471024959,0.002652261149826105,0.299546108252322,False,"['what', 'whatever', 'that', 'which', 'something']","['what', 'whatever', 'that', 'which', 'something']",none
121,10,65.0,16,carried,7,4.77,7.017450162554626,1,is,2,7.07,5.067392613495786,0.014727842062711716,0.01257472112774849,0.0021531209349632263,0.00024425664560015313,0.0021544398114491216,0.0019101831658489671,-0.3844139614331506,0.00010007307296522439,0.3845140345061159,False,"['is', 'seems', 'gets', 'becomes', 'feels']","['is', 'seems', 'gets', 'feels', 'becomes']",none
122,10,65.0,16,carried,7,4.77,7.017450162554626,2,so,2,6.52,7.045905151849227,4.6068243980407715,4.940732002258301,-0.3339076042175293,0.0072177268953168856,0.06961758606048957,0.06239985916517268,-0.12414538123329813,0.012010254362769564,0.1361556355960677,False,"['most', 'particularly', 'especially', 'really', 'more']","['most', 'particularly', 'especially', 'really', 'more']",none
123,10,65.0,16,carried,7,4.77,7.017450162554626,3,unpleasant,10,3.8,10.97457889163446,10.331841468811035,10.869739532470703,-0.537898063659668,0.03478983267689338,0.1438921259337759,0.10910229325688253,-0.35030968059443507,0.0021643524504371984,0.35247403304487224,False,"['striking', 'interesting', 'remarkable', 'special', 'strange']","['striking', 'interesting', 'strange', 'special', 'different']",none
124,10,65.0,16,carried,7,4.77,7.017450162554626,4,about,5,6.4,1.028931793952807,0.09123248606920242,0.0851161852478981,0.006116300821304321,0.0013260370515062098,0.009702875381924653,0.008376838330418445,-0.33112126775857115,0.0005851676679197663,0.33170643542649086,False,"['about', 'in', 'with', 'of', ',']","['about', 'in', 'with', 'of', 'to']",none
125,10,65.0,16,carried,7,4.77,7.017450162554626,5,all,3,6.52,7.316653024644298,0.2410477250814438,0.2958838939666748,-0.05483616888523102,0.011511208115597905,0.06380442379130002,0.052293215675702096,-0.11324018675218324,0.10831460496602151,0.22155479171820475,False,"['all', 'doing', 'being', 'having', '...']","['all', 'doing', 'being', 'having', 'saying']",none
126,10,65.0,16,carried,7,4.77,7.017450162554626,6,this,4,6.82,1.068575617216416,0.09453072398900986,0.08315078914165497,0.011379934847354889,0.0022518343517383466,0.0143048539620874,0.012053019610349054,-0.42485098076903455,0.03567654536832654,0.4605275261373613,False,"['this', 'that', 'these', 'women', 'life']","['this', 'that', 'these', 'women', 'life']",none
127,10,65.0,16,carried,7,4.77,7.017450162554626,7,is,2,7.07,8.204936360025501,0.05786514654755592,0.05299006402492523,0.0048750825226306915,0.00037422157333330064,0.004967209254235384,0.004592987680902082,-0.25180001264943225,0.0033264596220985857,0.2551264722715308,False,"['is', '?', ',', '-', ':']","['is', '?', ',', '-', ':']",none
128,10,65.0,16,carried,7,4.77,7.017450162554626,8,the,3,7.73,4.032598697154909,0.27211806178092957,0.07130949944257736,0.2008085623383522,0.10580074643095251,0.1911243110970408,0.08532356466608833,-1.2979803738963769,1.6128096423390523e-06,1.2979819867060192,False,"['the', 'an', 'this', 'its', 'that']","['the', 'an', 'this', 'its', 'that']",none
129,10,65.0,16,carried,7,4.77,7.017450162554626,9,atmosphere,10,4.46,11.08973085456479,6.462636470794678,6.211467742919922,0.25116872787475586,0.07388099328720225,0.1996188211231085,0.12573782783590626,-0.6284721508655858,0.03285077610545943,0.6613229269710452,False,"['sense', 'form', 'amount', 'kind', 'level']","['sense', 'form', 'amount', 'kind', 'level']",none
130,10,65.0,16,carried,7,4.77,7.017450162554626,10,of,2,7.4,2.3370083392645147,0.02202829346060753,0.023000340908765793,-0.0009720474481582642,0.00043679445102961937,0.0026441099491532173,0.0022073154981235962,-0.4339100533626436,0.009354868720013548,0.4432649220826571,False,"['of', 'and', 'for', 'or', 'to']","['of', 'and', 'for', 'or', 'to']",none
131,10,65.0,16,carried,7,4.77,7.017450162554626,11,blame,5,4.63,13.487923749814938,13.756826400756836,14.660164833068848,-0.9033384323120117,0.17945685517099896,0.3816327190805144,0.20217586390951545,-0.5066632022443431,0.06911778559580284,0.575780987840146,False,"['life', 'society', 'poverty', 'isolation', 'boredom']","['life', 'society', 'silence', 'isolation', 'poverty']",none
132,10,65.0,16,carried,7,4.77,7.017450162554626,12,in,2,7.27,6.7205832524032445,0.1493072360754013,0.15021075308322906,-0.0009035170078277588,0.010105988879109535,0.02186797320280411,0.011761984323694562,-0.9487833464763785,0.012213039766405155,0.9609963862427838,False,"['in', 'under', 'within', 'with', 'through']","['in', 'under', 'within', 'with', 'through']",none
133,10,65.0,16,carried,7,4.77,7.017450162554626,13,which,5,6.3,4.315448687889257,0.05237403139472008,0.06034286320209503,-0.007968831807374954,0.0037388854538983286,0.013336915943186886,0.009598030489288558,-0.7236849996522541,0.0189236616662062,0.7426086613184603,False,"['which', 'that', 'how', 'it', 'where']","['which', 'that', 'how', 'it', 'where']",none
134,10,65.0,16,carried,7,4.77,7.017450162554626,14,it,2,6.95,3.0013969172287944,0.9615585207939148,1.8348495960235596,-0.8732910752296448,1.1671196641469306,1.5027105978519646,0.33559093370503407,-0.9104171102443714,0.1985457757516068,1.1089628859959781,False,"['it', 'blame', 'life', 'suicide', 'everything']","['it', 'everyone', 'blame', 'life', 'she']",none
135,10,65.0,16,carried,7,4.77,7.017450162554626,15,is,2,7.07,1.3081637437765874,10.94093132019043,0.03147250413894653,10.909458816051483,10.874145274840583,10.87734849467236,0.003203219831785588,-14.649984389545121,0.0023019450392430525,14.652286334584364,False,"['is', 'was', 'are', 'gets', 'seems']","['plays', 'comes', 'stands', 'turns', 'breaks']",none
136,10,65.0,17,out,3,6.38,2.0668413752752377,0,what,4,6.38,0.0,0.0005847734864801168,0.0005780634819529951,6.710004527121782e-06,3.6824232626507364e-06,3.746893792319486e-05,3.3786514660544127e-05,-0.23287992983046246,2.8097123333584887e-05,0.23290802695379606,False,"['what', 'whatever', 'that', 'which', 'something']","['what', 'whatever', 'which', 'that', 'something']",none
137,10,65.0,17,out,3,6.38,2.0668413752752377,1,is,2,7.07,5.067392613495786,0.015430907718837261,0.01257472112774849,0.002856186591088772,0.0006401810057428082,0.003314782357683388,0.0026746013519405795,-0.10474206878482405,0.003387493040553588,0.10812956182537764,False,"['is', 'seems', 'gets', 'becomes', 'feels']","['is', 'seems', 'feels', 'gets', 'becomes']",none
138,10,65.0,17,out,3,6.38,2.0668413752752377,2,so,2,6.52,7.045905151849227,4.652122497558594,4.940732002258301,-0.28860950469970703,0.00403818602860392,0.043835325080183105,0.0397971390515792,0.02655567091010549,0.04717951895462134,0.02062384804451585,False,"['most', 'particularly', 'especially', 'really', 'more']","['most', 'particularly', 'especially', 'really', 'more']",none
139,10,65.0,17,out,3,6.38,2.0668413752752377,3,unpleasant,10,3.8,10.97457889163446,10.12100887298584,10.869739532470703,-0.7487306594848633,0.039496599281170164,0.16376687487448943,0.12427027559331927,-0.24554099190441978,9.131268950581969e-05,0.2456323045939256,False,"['striking', 'interesting', 'remarkable', 'special', 'strange']","['striking', 'strange', 'interesting', 'different', 'special']",none
140,10,65.0,17,out,3,6.38,2.0668413752752377,4,about,5,6.4,1.028931793952807,0.08718200773000717,0.0851161852478981,0.00206582248210907,0.0009191786492636152,0.005524228044599052,0.004605049395335436,-0.055211879412706076,0.013951335371236436,0.06916321478394252,False,"['about', 'in', 'with', 'of', ',']","['about', 'in', 'with', 'of', 'to']",none
141,10,65.0,17,out,3,6.38,2.0668413752752377,5,all,3,6.52,7.316653024644298,0.2403675764799118,0.2958838939666748,-0.055516317486763,0.020326320404217727,0.08134703487281382,0.061020714468596055,-0.21616967916415786,0.006114668793027979,0.22228434795718585,False,"['all', 'doing', 'being', 'having', '...']","['all', 'doing', 'being', 'having', 'saying']",none
142,10,65.0,17,out,3,6.38,2.0668413752752377,6,this,4,6.82,1.068575617216416,0.1071489080786705,0.08315078914165497,0.023998118937015533,0.0046570905155840555,0.023802060931552373,0.019144970415968323,-0.6695645500490784,1.0801344437251855e-05,0.6695753513935156,False,"['this', 'that', 'these', 'women', 'life']","['this', 'that', 'these', 'women', 'life']",none
143,10,65.0,17,out,3,6.38,2.0668413752752377,7,is,2,7.07,8.204936360025501,0.031031813472509384,0.05299006402492523,-0.021958250552415848,0.007373358748901153,0.02863514852933066,0.021261789780429502,0.8882801551385685,0.8882993256743223,1.9170535753759595e-05,False,"['is', '?', ',', '-', ':']","['is', '?', ',', 'was', ':']",none
144,10,65.0,17,out,3,6.38,2.0668413752752377,8,the,3,7.73,4.032598697154909,0.026984641328454018,0.07130949944257736,-0.044324858114123344,0.026168174699975177,0.06835612432493811,0.04218794962496293,0.6709238739001502,0.6709284714950237,4.597594873640536e-06,False,"['the', 'an', 'this', 'its', 'that']","['the', 'an', 'this', 'its', 'that']",none
145,10,65.0,17,out,3,6.38,2.0668413752752377,9,atmosphere,10,4.46,11.08973085456479,6.258162498474121,6.211467742919922,0.04669475555419922,0.17053368873460517,0.3905230237023103,0.21998933496770515,0.23631522076103767,0.2706409921672669,0.034325771406229236,False,"['sense', 'form', 'amount', 'kind', 'level']","['sense', 'form', 'amount', 'kind', 'level']",none
146,10,65.0,17,out,3,6.38,2.0668413752752377,10,of,2,7.4,2.3370083392645147,0.028431890532374382,0.023000340908765793,0.005431549623608589,0.002804328407958762,0.009173167019664233,0.0063688386117054735,0.13076611648124975,0.15259755807945802,0.021831441598208285,False,"['of', 'and', 'for', 'or', 'to']","['of', 'and', 'or', 'for', 'to']",none
147,10,65.0,17,out,3,6.38,2.0668413752752377,11,blame,5,4.63,13.487923749814938,14.281545639038086,14.660164833068848,-0.3786191940307617,0.18475664720268145,0.38837086355978473,0.20361421635710325,-0.5416551751267333,0.0011107723784747807,0.5427659475052082,False,"['life', 'society', 'poverty', 'isolation', 'boredom']","['life', 'decay', 'isolation', 'poverty', 'silence']",none
148,10,65.0,17,out,3,6.38,2.0668413752752377,12,in,2,7.27,6.7205832524032445,0.21761180460453033,0.15021075308322906,0.06740105152130127,0.04514378822736056,0.08400141953622149,0.03885763130886091,-1.8811119211888605,0.07710012197501512,1.9582120431638759,False,"['in', 'under', 'within', 'with', 'through']","['in', 'through', 'under', 'into', 'within']",none
149,10,65.0,17,out,3,6.38,2.0668413752752377,13,which,5,6.3,4.315448687889257,0.00843525119125843,0.06034286320209503,-0.0519076120108366,0.0691296303575573,0.11891286700106875,0.049783236643511426,1.4277667070618583,1.427796351071127,2.9644009268460327e-05,False,"['which', 'that', 'how', 'it', 'where']","['which', 'that', 'how', 'it', 'whom']",none
150,10,65.0,17,out,3,6.38,2.0668413752752377,14,it,2,6.95,3.0013969172287944,1.9912151098251343,1.8348495960235596,0.1563655138015747,0.8370441622091876,1.0849207467270137,0.24787658451782596,-1.6118100781134652,0.025559942581641883,1.637370020695107,False,"['it', 'blame', 'life', 'suicide', 'everything']","['it', 'blame', 'guilt', 'abuse', 'this']",none
151,10,65.0,17,out,3,6.38,2.0668413752752377,15,is,2,7.07,1.3081637437765874,0.016442442312836647,0.03147250413894653,-0.015030061826109886,0.010791492512149004,0.02697161570408187,0.016180123191932867,-0.5322955108896972,0.06413488424165191,0.5964303951313491,False,"['is', 'was', 'are', 'gets', 'seems']","['is', 'was', 'gets', 'are', 'all']",none
152,10,65.0,17,out,3,6.38,2.0668413752752377,16,carried,7,4.77,7.017450162554626,11.859627723693848,3.216402292251587,8.64322543144226,7.3365802331911,7.403892055285674,0.06731182209457513,-3.5042640476447864,0.0023566811274233117,3.506620728772208,False,"['played', 'carried', 'pointed', 'worked', 'spoken']","['felt', 'treated', 'viewed', 'perceived', 'seen']",none
153,10,65.0,18,as,2,6.77,9.546518476208595,0,what,4,6.38,0.0,0.0005878704832866788,0.0005780634819529951,9.80700133368373e-06,5.128944173132922e-06,4.1603919884368406e-05,3.6474975711235504e-05,-0.07986820565391212,0.03660863063908254,0.1164768362929947,False,"['what', 'whatever', 'that', 'which', 'something']","['what', 'whatever', 'which', 'that', 'something']",none
154,10,65.0,18,as,2,6.77,9.546518476208595,1,is,2,7.07,5.067392613495786,0.014400712214410305,0.01257472112774849,0.0018259910866618156,0.00029945415128649743,0.0022158505808036653,0.0019163964295171685,0.09071372381499172,0.0977020721355567,0.006988348320564981,False,"['is', 'seems', 'gets', 'becomes', 'feels']","['is', 'seems', 'gets', 'becomes', 'feels']",none
155,10,65.0,18,as,2,6.77,9.546518476208595,2,so,2,6.52,7.045905151849227,5.1119465827941895,4.940732002258301,0.17121458053588867,0.017999046542334522,0.09044026131471801,0.07244121477238347,0.0465904363245662,0.059456069063775145,0.012865632739208958,False,"['most', 'particularly', 'especially', 'really', 'more']","['most', 'particularly', 'especially', 'really', 'more']",none
156,10,65.0,18,as,2,6.77,9.546518476208595,3,unpleasant,10,3.8,10.97457889163446,11.211435317993164,10.869739532470703,0.34169578552246094,0.08074515147246562,0.23161055327181024,0.15086540179934463,0.1421594747269945,0.14401973394768697,0.0018602592206924354,False,"['striking', 'interesting', 'remarkable', 'special', 'strange']","['interesting', 'striking', 'important', 'remarkable', 'special']",none
157,10,65.0,18,as,2,6.77,9.546518476208595,4,about,5,6.4,1.028931793952807,0.08105489611625671,0.0851161852478981,-0.004061289131641388,0.0022886533084777467,0.008800989255130256,0.006512335946652512,0.44957223587175277,0.4499713332706437,0.00039909739889102406,False,"['about', 'in', 'with', 'of', ',']","['about', 'in', 'with', 'of', 'to']",none
158,10,65.0,18,as,2,6.77,9.546518476208595,5,all,3,6.52,7.316653024644298,0.49558141827583313,0.2958838939666748,0.19969752430915833,0.060824853781819094,0.17936172507732032,0.11853687129550124,0.19625514643160852,0.2542380330866474,0.05798288665503886,False,"['all', 'doing', 'being', 'having', '...']","['all', 'doing', 'being', 'having', 'even']",none
159,10,65.0,18,as,2,6.77,9.546518476208595,6,this,4,6.82,1.068575617216416,0.1226818785071373,0.08315078914165497,0.03953108936548233,0.021606948079706766,0.04424109324264431,0.022634145162937547,-0.5763713875267613,0.0001330086693118214,0.5765043961960734,False,"['this', 'that', 'these', 'women', 'life']","['this', 'that', 'these', 'life', 'women']",none
160,10,65.0,18,as,2,6.77,9.546518476208595,7,is,2,7.07,8.204936360025501,0.013796161860227585,0.05299006402492523,-0.03919390216469765,0.06005821567713003,0.09813106583386111,0.038072850156731085,2.431309537056115,2.4313797210034176,7.018394730158326e-05,False,"['is', '?', ',', '-', ':']","['is', 'was', 'being', 'are', '?']",none
161,10,65.0,18,as,2,6.77,9.546518476208595,8,the,3,7.73,4.032598697154909,0.005050846375524998,0.07130949944257736,-0.06625865306705236,0.12797994020416906,0.19104428272258545,0.06306434251841642,1.6224421494993242,1.6224898153505503,4.7665851225771326e-05,False,"['the', 'an', 'this', 'its', 'that']","['the', 'an', 'its', 'this', 'that']",none
162,10,65.0,18,as,2,6.77,9.546518476208595,9,atmosphere,10,4.46,11.08973085456479,6.2758660316467285,6.211467742919922,0.06439828872680664,0.22899521234733206,0.44855350266494964,0.21955829031761764,0.3406118190354513,0.4217295903993693,0.08111777136391798,False,"['sense', 'form', 'amount', 'kind', 'level']","['sense', 'form', 'amount', 'degree', 'level']",none
163,10,65.0,18,as,2,6.77,9.546518476208595,10,of,2,7.4,2.3370083392645147,0.042979903519153595,0.023000340908765793,0.019979562610387802,0.00799128480962213,0.020966184515173923,0.012974899705551804,-0.31112582065146627,0.02331477848729008,0.3344405991387563,False,"['of', 'and', 'for', 'or', 'to']","['of', 'and', 'or', 'for', 'to']",none
164,10,65.0,18,as,2,6.77,9.546518476208595,11,blame,5,4.63,13.487923749814938,15.656302452087402,14.660164833068848,0.9961376190185547,0.12350810319189327,0.3174474378211658,0.1939393346292725,0.14585245494792942,0.18029743694810357,0.034444982000174165,False,"['life', 'society', 'poverty', 'isolation', 'boredom']","['society', 'life', 'poverty', 'isolation', 'decay']",none
165,10,65.0,18,as,2,6.77,9.546518476208595,12,in,2,7.27,6.7205832524032445,0.22406525909900665,0.15021075308322906,0.07385450601577759,0.021651045008942642,0.07513806925433825,0.05348702424539563,0.9027584811092838,1.0018953290613017,0.09913684795201816,False,"['in', 'under', 'within', 'with', 'through']","['in', 'under', 'within', 'with', 'through']",none
166,10,65.0,18,as,2,6.77,9.546518476208595,13,which,5,6.3,4.315448687889257,0.019601771607995033,0.06034286320209503,-0.0407410915941,0.08638019580602027,0.12844931240543703,0.042069116599416825,0.43116227002990815,1.0047887316424395,0.5736264616125317,False,"['which', 'that', 'how', 'it', 'where']","['which', 'how', 'that', 'when', 'whom']",none
167,10,65.0,18,as,2,6.77,9.546518476208595,14,it,2,6.95,3.0013969172287944,0.9969494938850403,1.8348495960235596,-0.8379001021385193,0.42046884015294594,0.7460300380243421,0.32556119787139615,0.8724199895983571,0.877647362293494,0.005227372695136826,False,"['it', 'blame', 'life', 'suicide', 'everything']","['it', 'this', 'suicide', 'justice', 'punishment']",none
168,10,65.0,18,as,2,6.77,9.546518476208595,15,is,2,7.07,1.3081637437765874,0.024208344519138336,0.03147250413894653,-0.007264159619808197,0.004269344974917463,0.011377024118851997,0.007107679143934531,1.7104197114957906,1.7104249234027675,5.211906977279524e-06,False,"['is', 'was', 'are', 'gets', 'seems']","['is', 'was', 'are', 'gets', 'seems']",none
169,10,65.0,18,as,2,6.77,9.546518476208595,16,carried,7,4.77,7.017450162554626,1.6375768184661865,3.216402292251587,-1.5788254737854004,0.784575655374452,1.1153362632123083,0.3307606078378561,1.2769759748012361,1.2852584852378026,0.008282510436566148,False,"['played', 'carried', 'pointed', 'worked', 'spoken']","['played', 'carried', 'dealt', 'worked', 'handed']",none
170,10,65.0,18,as,2,6.77,9.546518476208595,17,out,3,6.38,2.0668413752752377,0.39872363209724426,0.4027016758918762,-0.003978043794631958,0.10610462351014391,0.18548493889077736,0.07938031538063343,-1.6716891737766943,0.0007582440931845878,1.6724474178698785,False,"['out', ',', 'on', 'around', 'about']","['out', ',', 'about', 'away', '.']",none
171,10,65.0,19,though,6,5.5,4.719221302099274,0,what,4,6.38,0.0,0.000680867990013212,0.0005780634819529951,0.0001028045080602169,1.0955657777438044e-05,0.00010277526180662979,9.181960402919173e-05,-0.39349149402169487,1.1939555682680087e-06,0.3934926879772632,False,"['what', 'whatever', 'that', 'which', 'something']","['what', 'whatever', 'that', 'which', 'something']",none
172,10,65.0,19,though,6,5.5,4.719221302099274,1,is,2,7.07,5.067392613495786,0.017578810453414917,0.01257472112774849,0.005004089325666428,0.0009966220483916403,0.0049608779702705426,0.003964255921878901,-0.3557071012915258,5.186655630289866e-06,0.3557122879471561,False,"['is', 'seems', 'gets', 'becomes', 'feels']","['is', 'seems', 'gets', 'becomes', 'feels']",none
173,10,65.0,19,though,6,5.5,4.719221302099274,2,so,2,6.52,7.045905151849227,4.929874897003174,4.940732002258301,-0.010857105255126953,0.003439674382608404,0.03321317107819497,0.02977349669558656,-0.13989108085827204,0.0009746616885744113,0.14086574254684647,False,"['most', 'particularly', 'especially', 'really', 'more']","['most', 'particularly', 'especially', 'really', 'more']",none
174,10,65.0,19,though,6,5.5,4.719221302099274,3,unpleasant,10,3.8,10.97457889163446,10.825507164001465,10.869739532470703,-0.04423236846923828,0.08469933007061722,0.24625845597928864,0.16155912590867133,-0.036129794506627726,0.0088285576222511,0.04495835212887882,False,"['striking', 'interesting', 'remarkable', 'special', 'strange']","['interesting', 'striking', 'unique', 'special', 'important']",none
175,10,65.0,19,though,6,5.5,4.719221302099274,4,about,5,6.4,1.028931793952807,0.09232812374830246,0.0851161852478981,0.007211938500404358,0.00129375031957342,0.008525660162137638,0.00723190984256422,-0.7395832795340392,0.00017173836950975222,0.7397550179035488,False,"['about', 'in', 'with', 'of', ',']","['about', 'in', 'with', 'of', ',']",none
176,10,65.0,19,though,6,5.5,4.719221302099274,5,all,3,6.52,7.316653024644298,0.4809860289096832,0.2958838939666748,0.18510213494300842,0.04634148454989035,0.15540285586113117,0.10906137131124087,-0.7293379666272204,0.002578478581853738,0.731916445209074,False,"['all', 'doing', 'being', 'having', '...']","['all', 'doing', 'being', 'saying', 'having']",none
177,10,65.0,19,though,6,5.5,4.719221302099274,6,this,4,6.82,1.068575617216416,0.09279198199510574,0.08315078914165497,0.009641192853450775,0.003445066620743596,0.012893686327468026,0.00944861970672443,-0.14281752388764496,0.001301142068879906,0.1441186659565249,False,"['this', 'that', 'these', 'women', 'life']","['this', 'that', 'these', 'women', 'life']",none
178,10,65.0,19,though,6,5.5,4.719221302099274,7,is,2,7.07,8.204936360025501,0.21647445857524872,0.05299006402492523,0.1634843945503235,0.09062641062556039,0.15758860583509005,0.06696219520952966,-3.2264526286530915,6.542861047042993e-05,3.2265180572635614,False,"['is', '?', ',', '-', ':']","['is', '?', ',', ':', '-']",none
179,10,65.0,19,though,6,5.5,4.719221302099274,8,the,3,7.73,4.032598697154909,0.031228723004460335,0.07130949944257736,-0.04008077643811703,0.01962240529620796,0.05778788906621334,0.03816548377000539,-0.2002632985017814,0.005452252724559577,0.205715551226341,False,"['the', 'an', 'this', 'its', 'that']","['the', 'an', 'this', 'its', 'that']",none
180,10,65.0,19,though,6,5.5,4.719221302099274,9,atmosphere,10,4.46,11.08973085456479,7.473715782165527,6.211467742919922,1.2622480392456055,0.09610033391956473,0.2769961793486257,0.18089584542906093,0.13218555838637697,0.13822076769493483,0.0060352093085578856,False,"['sense', 'form', 'amount', 'kind', 'level']","['form', 'sense', 'amount', 'kind', 'level']",none
181,10,65.0,19,though,6,5.5,4.719221302099274,10,of,2,7.4,2.3370083392645147,0.0307573601603508,0.023000340908765793,0.007757019251585007,0.0012990825939481199,0.007635894316276466,0.006336811722328346,-1.2450966867522137,2.831179148791351e-06,1.2450995179313626,False,"['of', 'and', 'for', 'or', 'to']","['of', 'and', 'or', 'for', 'to']",none
182,10,65.0,19,though,6,5.5,4.719221302099274,11,blame,5,4.63,13.487923749814938,13.961013793945312,14.660164833068848,-0.6991510391235352,0.07757364192996842,0.23335701598279956,0.15578337405283113,0.14960150349016402,0.15567226829583258,0.006070764805668514,False,"['life', 'society', 'poverty', 'isolation', 'boredom']","['poverty', 'life', 'society', 'boredom', 'oppression']",none
183,10,65.0,19,though,6,5.5,4.719221302099274,12,in,2,7.27,6.7205832524032445,0.1557946801185608,0.15021075308322906,0.005583927035331726,0.00514471464132745,0.02128583384155654,0.016141119200229093,-0.6615867782373965,0.00041658635718109415,0.6620033645945776,False,"['in', 'under', 'within', 'with', 'through']","['in', 'within', 'under', 'with', 'through']",none
184,10,65.0,19,though,6,5.5,4.719221302099274,13,which,5,6.3,4.315448687889257,0.023940784856677055,0.06034286320209503,-0.036402078345417976,0.026148975435306074,0.062121884126909235,0.035972908691603175,0.16195348819848715,0.18987115628372325,0.02791766808523611,False,"['which', 'that', 'how', 'it', 'where']","['which', 'that', 'how', 'it', 'whom']",none
185,10,65.0,19,though,6,5.5,4.719221302099274,14,it,2,6.95,3.0013969172287944,1.6666501760482788,1.8348495960235596,-0.16819941997528076,0.3197891749263757,0.5350383283276534,0.2152491534012777,-0.9317586591092536,0.009984078217389503,0.9417427373266433,False,"['it', 'blame', 'life', 'suicide', 'everything']","['it', 'this', 'blame', 'suicide', 'abuse']",none
186,10,65.0,19,though,6,5.5,4.719221302099274,15,is,2,7.07,1.3081637437765874,0.026252103969454765,0.03147250413894653,-0.005220400169491768,0.001900783084429396,0.007538557480594154,0.005637774396164755,-0.06932197581805229,0.004391195529871647,0.0737131713479239,False,"['is', 'was', 'are', 'gets', 'seems']","['is', 'was', 'gets', 'are', 'being']",none
187,10,65.0,19,though,6,5.5,4.719221302099274,16,carried,7,4.77,7.017450162554626,3.7999954223632812,3.216402292251587,0.5835931301116943,0.13971661721377168,0.30842681845684045,0.16871020124306885,-0.22692875373983643,0.012338310409808194,0.23926706414964466,False,"['played', 'carried', 'pointed', 'worked', 'spoken']","['played', 'pointed', 'carried', 'dealt', 'worked']",none
188,10,65.0,19,though,6,5.5,4.719221302099274,17,out,3,6.38,2.0668413752752377,0.6530183553695679,0.4027016758918762,0.25031667947769165,0.08390055550026145,0.21827773526974695,0.13437717976948552,-1.6703995607776898,0.0002852879160719729,1.6706848486937622,False,"['out', ',', 'on', 'around', 'about']","['out', ',', 'around', 'about', 'off']",none
189,10,65.0,19,though,6,5.5,4.719221302099274,18,as,2,6.77,9.546518476208595,8.696955680847168,1.1229207515716553,7.574034929275513,5.121319914565282,5.363631909448465,0.24231199488318234,-3.114762339071453,0.009393612386930537,3.124155951458383,False,"['as', ',', '.', 'even', '-']","['.', ',', ':', ';', '-']",none
190,10,65.0,20,getting,7,5.57,15.245505538097532,0,what,4,6.38,0.0,0.0005549227353185415,0.0005780634819529951,-2.3140746634453535e-05,1.7309437554579552e-06,3.3826120077935785e-05,3.209517632247782e-05,-0.05737275106850838,0.00023238116981446935,0.05760513223832286,False,"['what', 'whatever', 'that', 'which', 'something']","['what', 'whatever', 'which', 'that', 'something']",none
191,10,65.0,20,getting,7,5.57,15.245505538097532,1,is,2,7.07,5.067392613495786,0.012469591572880745,0.01257472112774849,-0.00010512955486774445,3.5588071831616913e-05,0.0004340486851292288,0.0003984606132976119,-0.006663163680848839,0.012064022047349141,0.01872718572819798,False,"['is', 'seems', 'gets', 'becomes', 'feels']","['is', 'seems', 'gets', 'becomes', 'feels']",none
192,10,65.0,20,getting,7,5.57,15.245505538097532,2,so,2,6.52,7.045905151849227,5.011394500732422,4.940732002258301,0.0706624984741211,0.0025559319563605814,0.0363365667000692,0.03378063474370862,0.3338716559854,0.3343993005336003,0.0005276445482004061,False,"['most', 'particularly', 'especially', 'really', 'more']","['most', 'particularly', 'especially', 'really', 'more']",none
193,10,65.0,20,getting,7,5.57,15.245505538097532,3,unpleasant,10,3.8,10.97457889163446,10.725872993469238,10.869739532470703,-0.14386653900146484,0.005621750657944971,0.04842396146129818,0.04280221080335322,-0.10401604560211829,0.00033438965877362906,0.10435043526089192,False,"['striking', 'interesting', 'remarkable', 'special', 'strange']","['striking', 'interesting', 'remarkable', 'special', 'strange']",none
194,10,65.0,20,getting,7,5.57,15.245505538097532,4,about,5,6.4,1.028931793952807,0.08922836929559708,0.0851161852478981,0.004112184047698975,0.00028770681796225943,0.004666119116939834,0.004378412298977576,-0.15796528196157655,0.0003475828175275167,0.15831286477910408,False,"['about', 'in', 'with', 'of', ',']","['about', 'in', 'with', 'of', '?']",none
195,10,65.0,20,getting,7,5.57,15.245505538097532,5,all,3,6.52,7.316653024644298,0.30541276931762695,0.2958838939666748,0.009528875350952148,0.023699120637381912,0.06650054589612828,0.04280142525874636,0.07904182722798186,0.2361274960664674,0.15708566883848557,False,"['all', 'doing', 'being', 'having', '...']","['all', 'doing', 'being', '...', 'having']",none
196,10,65.0,20,getting,7,5.57,15.245505538097532,6,this,4,6.82,1.068575617216416,0.2563643157482147,0.08315078914165497,0.17321352660655975,0.09009281787176117,0.16370694677867154,0.07361412890691033,-1.2464689619446285,2.189639418534282e-05,1.246490858338814,False,"['this', 'that', 'these', 'women', 'life']","['this', 'that', 'these', 'age', 'women']",none
197,10,65.0,20,getting,7,5.57,15.245505538097532,7,is,2,7.07,8.204936360025501,0.22158363461494446,0.05299006402492523,0.16859357059001923,0.09590023625093426,0.16260182252911048,0.06670158627817625,-1.7239236692525477,5.86258677783012e-07,1.7239242555112253,False,"['is', '?', ',', '-', ':']","['is', '?', ',', ':', '-']",none
198,10,65.0,20,getting,7,5.57,15.245505538097532,8,the,3,7.73,4.032598697154909,0.13763657212257385,0.07130949944257736,0.06632707267999649,0.019676407179119896,0.06312836363370809,0.04345195645458818,-0.34046384839872584,4.276290456252583e-05,0.3405066113032884,False,"['the', 'an', 'this', 'its', 'that']","['the', 'an', 'this', 'its', 'that']",none
199,10,65.0,20,getting,7,5.57,15.245505538097532,9,atmosphere,10,4.46,11.08973085456479,6.394917964935303,6.211467742919922,0.18345022201538086,0.025754911831176737,0.11454003988946196,0.08878512805828523,-0.31961629497691757,5.421685968811985e-05,0.3196705118366058,False,"['sense', 'form', 'amount', 'kind', 'level']","['sense', 'form', 'kind', 'level', 'amount']",none
200,10,65.0,20,getting,7,5.57,15.245505538097532,10,of,2,7.4,2.3370083392645147,0.020151382312178612,0.023000340908765793,-0.002848958596587181,0.0005006426483743495,0.0035088196815362275,0.003008177033161877,0.30721007099534703,0.3077041487421063,0.0004940777467593516,False,"['of', 'and', 'for', 'or', 'to']","['of', 'and', 'for', 'or', 'to']",none
201,10,65.0,20,getting,7,5.57,15.245505538097532,11,blame,5,4.63,13.487923749814938,14.494414329528809,14.660164833068848,-0.16575050354003906,0.12753165759086443,0.30528001951856565,0.17774836192770122,-0.07357758208122595,0.13682468307557571,0.2104022651568017,False,"['life', 'society', 'poverty', 'isolation', 'boredom']","['life', 'society', 'youth', 'poverty', 'adolescence']",none
202,10,65.0,20,getting,7,5.57,15.245505538097532,12,in,2,7.27,6.7205832524032445,0.12907056510448456,0.15021075308322906,-0.021140187978744507,0.002819222180010744,0.023905803787867965,0.021086581607857213,-0.01630202417795868,0.05251413002833713,0.06881615420629582,False,"['in', 'under', 'within', 'with', 'through']","['in', 'under', 'within', 'with', 'through']",none
203,10,65.0,20,getting,7,5.57,15.245505538097532,13,which,5,6.3,4.315448687889257,0.1282319724559784,0.06034286320209503,0.06788910925388336,0.023556662718523556,0.06516030693254171,0.041603644214018166,-0.41655060136150945,0.00035436263063388045,0.4169049639921433,False,"['which', 'that', 'how', 'it', 'where']","['which', 'that', 'how', 'it', 'where']",none
204,10,65.0,20,getting,7,5.57,15.245505538097532,14,it,2,6.95,3.0013969172287944,2.0320699214935303,1.8348495960235596,0.1972203254699707,0.12081651831720927,0.2805283039881517,0.15971178567094244,-0.21219920702085193,0.0036450624145461354,0.21584426943539803,False,"['it', 'blame', 'life', 'suicide', 'everything']","['it', 'life', 'everything', 'blame', 'this']",none
205,10,65.0,20,getting,7,5.57,15.245505538097532,15,is,2,7.07,1.3081637437765874,0.037602588534355164,0.03147250413894653,0.00613008439540863,0.0006176033815604516,0.00600142041137848,0.005383817029818029,-0.9574014789420887,2.2834537564298965e-06,0.957403762395845,False,"['is', 'was', 'are', 'gets', 'seems']","['is', 'was', 'are', 'gets', 'were']",none
206,10,65.0,20,getting,7,5.57,15.245505538097532,16,carried,7,4.77,7.017450162554626,3.8249425888061523,3.216402292251587,0.6085402965545654,0.06607455493352483,0.22066153361733565,0.15458697868381077,-0.20539905736248842,0.0035528100299603263,0.20895186739244878,False,"['played', 'carried', 'pointed', 'worked', 'spoken']","['played', 'pointed', 'carried', 'spoken', 'worked']",none
207,10,65.0,20,getting,7,5.57,15.245505538097532,17,out,3,6.38,2.0668413752752377,0.350789874792099,0.4027016758918762,-0.05191180109977722,0.009335670636782648,0.059679056058250975,0.050343385421468316,-0.3787800368847147,0.0009418528567825406,0.3797218897414973,False,"['out', ',', 'on', 'around', 'about']","['out', ',', 'on', 'off', 'around']",none
208,10,65.0,20,getting,7,5.57,15.245505538097532,18,as,2,6.77,9.546518476208595,1.4899266958236694,1.1229207515716553,0.36700594425201416,0.05074086831714321,0.1791038237180949,0.12836295540095158,-2.5832886880148895,3.5827310174006516e-05,2.583324515325063,False,"['as', ',', '.', 'even', '-']","[',', 'as', 'even', '.', '-']",none
209,10,65.0,20,getting,7,5.57,15.245505538097532,19,though,6,5.5,4.719221302099274,12.446901321411133,2.797722339630127,9.649178981781006,8.498908451706802,8.531379095269287,0.03247064356248331,-11.319071402383129,0.002351437622059672,11.321422840005193,False,"['if', 'though', 'although', 'when', 'the']","['women', 'people', 'they', 'children', 'you']",none
210,10,65.0,21,older,5,4.92,12.239302688206067,0,what,4,6.38,0.0,0.0005569013301283121,0.0005780634819529951,-2.116215182468295e-05,4.173605209677146e-06,4.1882111684492725e-05,3.770850647481557e-05,-0.04629676855099828,0.0013852521952148645,0.047682020746213145,False,"['what', 'whatever', 'that', 'which', 'something']","['what', 'whatever', 'which', 'that', 'something']",none
211,10,65.0,21,older,5,4.92,12.239302688206067,1,is,2,7.07,5.067392613495786,0.012562490068376064,0.01257472112774849,-1.223105937242508e-05,2.0302701821131656e-05,0.00031779816662687223,0.00029749546480574055,0.0330619395640255,0.05221021394431663,0.019148274380291118,False,"['is', 'seems', 'gets', 'becomes', 'feels']","['is', 'seems', 'gets', 'becomes', 'feels']",none
212,10,65.0,21,older,5,4.92,12.239302688206067,2,so,2,6.52,7.045905151849227,4.902698040008545,4.940732002258301,-0.03803396224975586,0.0007983535538241206,0.017943538365364206,0.017145184811540082,0.08481121452442816,0.09011063745399543,0.005299422929567261,False,"['most', 'particularly', 'especially', 'really', 'more']","['most', 'particularly', 'especially', 'really', 'more']",none
213,10,65.0,21,older,5,4.92,12.239302688206067,3,unpleasant,10,3.8,10.97457889163446,10.783884048461914,10.869739532470703,-0.08585548400878906,0.00655681033188959,0.06069099007923043,0.05413417974734084,0.13442507697130027,0.14834272850322014,0.013917651531919843,False,"['striking', 'interesting', 'remarkable', 'special', 'strange']","['striking', 'interesting', 'remarkable', 'strange', 'special']",none
214,10,65.0,21,older,5,4.92,12.239302688206067,4,about,5,6.4,1.028931793952807,0.09175564348697662,0.0851161852478981,0.006639458239078522,0.0003783613319807932,0.006589733803343334,0.006211372471362541,-0.19273370864917203,1.412029048439508e-05,0.19274782893965645,False,"['about', 'in', 'with', 'of', ',']","['about', 'in', 'with', 'of', ',']",none
215,10,65.0,21,older,5,4.92,12.239302688206067,5,all,3,6.52,7.316653024644298,0.5430741310119629,0.2958838939666748,0.24719023704528809,0.07244532569558115,0.20666481538839152,0.1342194896928103,-0.041298939646216226,0.06880479200576566,0.11010373165198187,False,"['all', 'doing', 'being', 'having', '...']","['all', 'doing', 'being', 'saying', 'having']",none
216,10,65.0,21,older,5,4.92,12.239302688206067,6,this,4,6.82,1.068575617216416,0.09070877730846405,0.08315078914165497,0.007557988166809082,0.012072010972364428,0.021944083226648096,0.009872072254283675,-0.16465621856234344,0.07421254100843977,0.23886875957078318,False,"['this', 'that', 'these', 'women', 'life']","['this', 'that', 'these', 'women', 'cases']",none
217,10,65.0,21,older,5,4.92,12.239302688206067,7,is,2,7.07,8.204936360025501,0.021864762529730797,0.05299006402492523,-0.031125301495194435,0.019742161265735032,0.04975766113286956,0.03001549986713452,0.6452962142536701,0.6453465557123887,5.0341458718649306e-05,False,"['is', '?', ',', '-', ':']","['is', '?', 'was', ',', ':']",none
218,10,65.0,21,older,5,4.92,12.239302688206067,8,the,3,7.73,4.032598697154909,0.07483866810798645,0.07130949944257736,0.003529168665409088,0.0001986349430326175,0.004325785145373737,0.004127150202341119,0.1640486053584004,0.17822615699058833,0.01417755163218798,False,"['the', 'an', 'this', 'its', 'that']","['the', 'an', 'this', 'its', 'that']",none
219,10,65.0,21,older,5,4.92,12.239302688206067,9,atmosphere,10,4.46,11.08973085456479,6.431139945983887,6.211467742919922,0.21967220306396484,0.008991949826816968,0.07273620725368457,0.06374425742686758,0.3268968764389475,0.33307273953902994,0.0061758631000823965,False,"['sense', 'form', 'amount', 'kind', 'level']","['sense', 'form', 'amount', 'kind', 'level']",none
220,10,65.0,21,older,5,4.92,12.239302688206067,10,of,2,7.4,2.3370083392645147,0.02399306930601597,0.023000340908765793,0.0009927283972501755,0.00027951060512239323,0.0021479154277157216,0.0018684048225933282,0.4529379586770188,0.46623339076599346,0.013295432088974544,False,"['of', 'and', 'for', 'or', 'to']","['of', 'and', 'for', 'or', 'to']",none
221,10,65.0,21,older,5,4.92,12.239302688206067,11,blame,5,4.63,13.487923749814938,14.218935012817383,14.660164833068848,-0.44122982025146484,0.2713538784985781,0.507190986082194,0.23583710758361584,0.557611282307854,0.5985565457934094,0.04094526348555551,False,"['life', 'society', 'poverty', 'isolation', 'boredom']","['poverty', 'society', 'oppression', 'freedom', 'silence']",none
222,10,65.0,21,older,5,4.92,12.239302688206067,12,in,2,7.27,6.7205832524032445,0.15815448760986328,0.15021075308322906,0.007943734526634216,0.0005853257829424489,0.007960418902068667,0.007375093119126216,-0.18151864389978503,0.0013004085236169966,0.18281905242340202,False,"['in', 'under', 'within', 'with', 'through']","['in', 'under', 'within', 'with', 'through']",none
223,10,65.0,21,older,5,4.92,12.239302688206067,13,which,5,6.3,4.315448687889257,0.0992463082075119,0.06034286320209503,0.03890344500541687,0.008819381841480848,0.037340035383077445,0.028520653541596597,-0.19577883923512135,0.011412583286371854,0.20719142252149325,False,"['which', 'that', 'how', 'it', 'where']","['which', 'that', 'how', 'it', 'where']",none
224,10,65.0,21,older,5,4.92,12.239302688206067,14,it,2,6.95,3.0013969172287944,2.0720455646514893,1.8348495960235596,0.2371959686279297,0.2623693700472545,0.4702240533567114,0.20785468330945692,0.4133388099147449,0.45936952315807217,0.04603071324332727,False,"['it', 'blame', 'life', 'suicide', 'everything']","['it', 'blame', 'justice', 'everything', 'this']",none
225,10,65.0,21,older,5,4.92,12.239302688206067,15,is,2,7.07,1.3081637437765874,0.037568606436252594,0.03147250413894653,0.006096102297306061,0.0005628065967212279,0.00602530719594805,0.005462500599226821,-0.37488632475558936,0.005460351172793988,0.3803466759283833,False,"['is', 'was', 'are', 'gets', 'seems']","['is', 'was', 'are', 'gets', 'were']",none
226,10,65.0,21,older,5,4.92,12.239302688206067,16,carried,7,4.77,7.017450162554626,3.039072036743164,3.216402292251587,-0.17733025550842285,0.02231049572268938,0.1030075034091814,0.08069700768649202,0.17952091902609701,0.21079655252123322,0.0312756334951362,False,"['played', 'carried', 'pointed', 'worked', 'spoken']","['played', 'carried', 'pointed', 'worked', 'spoken']",none
227,10,65.0,21,older,5,4.92,12.239302688206067,17,out,3,6.38,2.0668413752752377,0.5588431358337402,0.4027016758918762,0.156141459941864,0.04025419499557281,0.13872645663079802,0.09847226163522518,-0.2051439757160397,0.036181534920550464,0.24132551063659016,False,"['out', ',', 'on', 'around', 'about']","['out', ',', 'around', 'on', 'off']",none
228,10,65.0,21,older,5,4.92,12.239302688206067,18,as,2,6.77,9.546518476208595,2.259087085723877,1.1229207515716553,1.1361663341522217,0.23074474407271708,0.5219983086848863,0.29125356461216945,-0.2647144839965559,0.003841844782250762,0.2685563287788067,False,"['as', ',', '.', 'even', '-']","[',', 'as', 'even', '.', '-']",none
229,10,65.0,21,older,5,4.92,12.239302688206067,19,though,6,5.5,4.719221302099274,3.334848403930664,2.797722339630127,0.5371260643005371,0.036131165160682516,0.08563510207161004,0.04950393691092752,-1.6295552990164246,0.0029960434085197604,1.6325513424249438,False,"['if', 'though', 'although', 'when', 'the']","['if', 'though', 'women', 'although', 'the']",none
230,10,65.0,21,older,5,4.92,12.239302688206067,20,getting,7,5.57,15.245505538097532,10.71998405456543,1.000486969947815,9.719497084617615,9.776986508229701,9.795776180057105,0.018789671827403723,-6.016030209334418,0.002716468145383527,6.0187466774798,False,"['getting', 'growing', 'becoming', 'being', 'going']","['the', 'this', 'its', 'every', 'it']",none
231,10,65.0,22,is,2,7.07,2.4196084644731517,0,what,4,6.38,0.0,0.0005265349755063653,0.0005780634819529951,-5.152850644662976e-05,8.153448610513767e-06,7.185352093059772e-05,6.370007232008397e-05,-0.10499991996552639,0.00017563763163829608,0.10517555759716468,False,"['what', 'whatever', 'that', 'which', 'something']","['what', 'whatever', 'which', 'that', 'something']",none
232,10,65.0,22,is,2,7.07,2.4196084644731517,1,is,2,7.07,5.067392613495786,0.011231853626668453,0.01257472112774849,-0.0013428675010800362,0.0001919463988481253,0.0017094900842035822,0.0015175436853554565,0.013738767852759117,0.0177414216400404,0.004002653787281281,False,"['is', 'seems', 'gets', 'becomes', 'feels']","['is', 'seems', 'gets', 'becomes', 'feels']",none
233,10,65.0,22,is,2,7.07,2.4196084644731517,2,so,2,6.52,7.045905151849227,5.357490062713623,4.940732002258301,0.41675806045532227,0.012207785142051944,0.0783864435766903,0.06617865843463835,0.36159247444760423,0.36177168332293574,0.00017920887533161433,False,"['most', 'particularly', 'especially', 'really', 'more']","['most', 'particularly', 'especially', 'more', 'really']",none
234,10,65.0,22,is,2,7.07,2.4196084644731517,3,unpleasant,10,3.8,10.97457889163446,11.07055950164795,10.869739532470703,0.2008199691772461,0.026110219783867752,0.12566936559593647,0.09955914581206872,0.0881866345983239,0.08844687100489203,0.00026023640656813133,False,"['striking', 'interesting', 'remarkable', 'special', 'strange']","['striking', 'interesting', 'remarkable', 'unique', 'special']",none
235,10,65.0,22,is,2,7.07,2.4196084644731517,4,about,5,6.4,1.028931793952807,0.07521884143352509,0.0851161852478981,-0.009897343814373016,0.0032227848792855725,0.01326453617951138,0.010041751300225808,1.213520127501423,1.2135796011722608,5.947367083785656e-05,False,"['about', 'in', 'with', 'of', ',']","['about', 'in', 'with', 'of', 'to']",none
236,10,65.0,22,is,2,7.07,2.4196084644731517,5,all,3,6.52,7.316653024644298,0.4090104401111603,0.2958838939666748,0.11312654614448547,0.023262967564666205,0.09454445409787281,0.07128148653320657,-0.35098456219972035,9.783393002944526e-05,0.3510823961297499,False,"['all', 'doing', 'being', 'having', '...']","['all', 'doing', 'being', 'having', 'even']",none
237,10,65.0,22,is,2,7.07,2.4196084644731517,6,this,4,6.82,1.068575617216416,0.10430121421813965,0.08315078914165497,0.02115042507648468,0.0069272356294133594,0.02570495077582615,0.01877771514641279,-0.3828306149206914,5.826513504655392e-06,0.38283644143419615,False,"['this', 'that', 'these', 'women', 'life']","['this', 'that', 'these', 'women', 'life']",none
238,10,65.0,22,is,2,7.07,2.4196084644731517,7,is,2,7.07,8.204936360025501,0.01814497821033001,0.05299006402492523,-0.03484508581459522,0.033161952077353646,0.06687425238894643,0.03371230031159278,0.18553204024393907,0.20734036869553563,0.02180832845159657,False,"['is', '?', ',', '-', ':']","['is', 'was', '?', ',', 'are']",none
239,10,65.0,22,is,2,7.07,2.4196084644731517,8,the,3,7.73,4.032598697154909,0.18567080795764923,0.07130949944257736,0.11436130851507187,0.048981072829623946,0.10909320288522265,0.06011213005559869,-0.9745645570006404,1.1193223493324978e-06,0.9745656763229896,False,"['the', 'an', 'this', 'its', 'that']","['the', 'an', 'its', 'this', 'that']",none
240,10,65.0,22,is,2,7.07,2.4196084644731517,9,atmosphere,10,4.46,11.08973085456479,7.0508551597595215,6.211467742919922,0.8393874168395996,0.04510934314889392,0.15982668806724284,0.1147173449183489,-0.4573341258498371,0.00030079904086034097,0.4576349248906974,False,"['sense', 'form', 'amount', 'kind', 'level']","['form', 'sense', 'kind', 'amount', 'level']",none
241,10,65.0,22,is,2,7.07,2.4196084644731517,10,of,2,7.4,2.3370083392645147,0.025157801806926727,0.023000340908765793,0.0021574608981609344,0.0007175296089806395,0.003435682912309232,0.002718153303328593,-0.4773246943008196,6.40785876163149e-05,0.47738877288843584,False,"['of', 'and', 'for', 'or', 'to']","['of', 'and', 'for', 'to', 'or']",none
242,10,65.0,22,is,2,7.07,2.4196084644731517,11,blame,5,4.63,13.487923749814938,15.216933250427246,14.660164833068848,0.5567684173583984,0.15338067244423537,0.3350265900787583,0.18164591763452292,-0.10503805330980807,0.0014035840079127452,0.10644163731772081,False,"['life', 'society', 'poverty', 'isolation', 'boredom']","['life', 'youth', 'society', 'decay', 'death']",none
243,10,65.0,22,is,2,7.07,2.4196084644731517,12,in,2,7.27,6.7205832524032445,0.11768224835395813,0.15021075308322906,-0.032528504729270935,0.00776325839319103,0.04058965854583879,0.03282640015264774,-0.7781426565522221,7.421896775605265e-05,0.7782168755199782,False,"['in', 'under', 'within', 'with', 'through']","['in', 'under', 'within', 'with', 'through']",none
244,10,65.0,22,is,2,7.07,2.4196084644731517,13,which,5,6.3,4.315448687889257,0.09844788908958435,0.06034286320209503,0.03810502588748932,0.00958347031930121,0.03682853737277794,0.027245067053476738,-0.7066903519128601,0.0001887372139217701,0.7068790891267818,False,"['which', 'that', 'how', 'it', 'where']","['which', 'that', 'how', 'it', 'where']",none
245,10,65.0,22,is,2,7.07,2.4196084644731517,14,it,2,6.95,3.0013969172287944,2.178273916244507,1.8348495960235596,0.34342432022094727,0.05803930676918143,0.20317047916192446,0.145131172392743,-0.4904236080908476,0.00043046674713578895,0.49085407483798343,False,"['it', 'blame', 'life', 'suicide', 'everything']","['it', 'blame', 'suicide', 'life', 'this']",none
246,10,65.0,22,is,2,7.07,2.4196084644731517,15,is,2,7.07,1.3081637437765874,0.06293173879384995,0.03147250413894653,0.03145923465490341,0.01174295481556053,0.0326336614639484,0.020890706648387873,-0.489437926511985,0.01931237568865221,0.5087503022006372,False,"['is', 'was', 'are', 'gets', 'seems']","['is', 'was', 'are', 'were', 'gets']",none
247,10,65.0,22,is,2,7.07,2.4196084644731517,16,carried,7,4.77,7.017450162554626,2.53385591506958,3.216402292251587,-0.6825463771820068,0.11407940189703315,0.2873467526340002,0.17326735073696706,0.3055320294661413,0.30909939598029257,0.0035673665141513285,False,"['played', 'carried', 'pointed', 'worked', 'spoken']","['played', 'carried', 'worked', 'pointed', 'borne']",none
248,10,65.0,22,is,2,7.07,2.4196084644731517,17,out,3,6.38,2.0668413752752377,0.30475184321403503,0.4027016758918762,-0.09794983267784119,0.027390598537124135,0.11052146439270352,0.08313086585557938,0.29346423005552,0.3086094851253104,0.01514525506979047,False,"['out', ',', 'on', 'around', 'about']","['out', ',', 'on', 'about', 'around']",none
249,10,65.0,22,is,2,7.07,2.4196084644731517,18,as,2,6.77,9.546518476208595,1.2056165933609009,1.1229207515716553,0.0826958417892456,0.06290762789561789,0.18630415379545004,0.12339652589983209,-0.08116365926002145,0.07367396546355391,0.15483762472357535,False,"['as', ',', '.', 'even', '-']","[',', 'as', 'even', '-', '.']",none
250,10,65.0,22,is,2,7.07,2.4196084644731517,19,though,6,5.5,4.719221302099274,3.946068048477173,2.797722339630127,1.148345708847046,0.14320391832105683,0.2027233837407948,0.05951946541973802,-1.5791804900904554,0.00553737364799679,1.584717863738452,False,"['if', 'though', 'although', 'when', 'the']","['if', 'though', 'women', 'to', 'people']",none
251,10,65.0,22,is,2,7.07,2.4196084644731517,20,getting,7,5.57,15.245505538097532,0.5903618335723877,1.000486969947815,-0.41012513637542725,0.22669167406043192,0.44735207305461033,0.22066039899417836,-3.0501093905600083,0.0008381961709629016,3.0509475867309708,False,"['getting', 'growing', 'becoming', 'being', 'going']","['getting', 'growing', 'being', 'becoming', 'someone']",none
252,10,65.0,22,is,2,7.07,2.4196084644731517,21,older,5,4.92,12.239302688206067,10.166605949401855,9.680736541748047,0.4858694076538086,1.2293678870860094,1.433944906771206,0.20457701968519637,-5.858413462873261,4.3700924824458055e-05,5.858457163798086,False,"['married', 'pregnant', 'divorced', 'rich', 'paid']","['married', 'paid', 'involved', 'off', 'caught']",none
253,10,65.0,23,a,1,7.36,2.6160512039308883,0,what,4,6.38,0.0,0.0006061081658117473,0.0005780634819529951,2.804468385875225e-05,1.0575655428476119e-06,2.9570357940080783e-05,2.8512792397233157e-05,-0.05478101868525134,9.884444353322393e-05,0.054879863128784574,False,"['what', 'whatever', 'that', 'which', 'something']","['what', 'whatever', 'that', 'which', 'something']",none
254,10,65.0,23,a,1,7.36,2.6160512039308883,1,is,2,7.07,5.067392613495786,0.013394773006439209,0.01257472112774849,0.0008200518786907196,6.0341026732043964e-05,0.0008585959599706961,0.0007982549332386521,-0.3099679757370081,2.6060048167625675e-08,0.30996800179705625,False,"['is', 'seems', 'gets', 'becomes', 'feels']","['is', 'seems', 'gets', 'becomes', 'feels']",none
255,10,65.0,23,a,1,7.36,2.6160512039308883,2,so,2,6.52,7.045905151849227,4.77517557144165,4.940732002258301,-0.1655564308166504,0.003181374521949805,0.03815646254567893,0.034975088023729124,-0.1461013216808271,1.7590122656238015e-07,0.14610149758205365,False,"['most', 'particularly', 'especially', 'really', 'more']","['most', 'particularly', 'especially', 'really', 'more']",none
256,10,65.0,23,a,1,7.36,2.6160512039308883,3,unpleasant,10,3.8,10.97457889163446,10.946370124816895,10.869739532470703,0.0766305923461914,0.004795911809178476,0.05023227601988038,0.04543636421070189,-0.13525544170575043,1.536082766952178e-06,0.13525697778851736,False,"['striking', 'interesting', 'remarkable', 'special', 'strange']","['striking', 'interesting', 'special', 'remarkable', 'strange']",none
257,10,65.0,23,a,1,7.36,2.6160512039308883,4,about,5,6.4,1.028931793952807,0.08239855617284775,0.0851161852478981,-0.002717629075050354,0.00027326060530983085,0.00431183098776255,0.00403857038245272,-0.023337067880981163,6.797512723400674e-05,0.02340504300821517,False,"['about', 'in', 'with', 'of', ',']","['about', 'in', 'with', 'of', ',']",none
258,10,65.0,23,a,1,7.36,2.6160512039308883,5,all,3,6.52,7.316653024644298,0.24204616248607635,0.2958838939666748,-0.05383773148059845,0.008882258156125636,0.056779244145415186,0.04789698598928955,0.02676926282107935,0.02699922642860181,0.0002299636075224656,False,"['all', 'doing', 'being', 'having', '...']","['all', 'doing', 'being', 'having', '...']",none
259,10,65.0,23,a,1,7.36,2.6160512039308883,6,this,4,6.82,1.068575617216416,0.08717633783817291,0.08315078914165497,0.004025548696517944,0.000624504053933625,0.005497719601959398,0.0048732155480257725,-0.28443647845149383,1.1198218324277866e-05,0.28444767666981813,False,"['this', 'that', 'these', 'women', 'life']","['this', 'that', 'these', 'women', 'life']",none
260,10,65.0,23,a,1,7.36,2.6160512039308883,7,is,2,7.07,8.204936360025501,0.05600623041391373,0.05299006402492523,0.003016166388988495,0.0005160311045476635,0.0049800483463547885,0.004464017241807124,-0.11117714575821916,2.0789308258217143e-06,0.11117922468904497,False,"['is', '?', ',', '-', ':']","['is', '?', ',', ':', '-']",none
261,10,65.0,23,a,1,7.36,2.6160512039308883,8,the,3,7.73,4.032598697154909,0.06421419978141785,0.07130949944257736,-0.007095299661159515,0.00048660247625409593,0.007331476246257941,0.006844873770003845,0.09684548213966641,0.09691180584050675,6.63237008403291e-05,False,"['the', 'an', 'this', 'its', 'that']","['the', 'an', 'this', 'its', 'that']",none
262,10,65.0,23,a,1,7.36,2.6160512039308883,9,atmosphere,10,4.46,11.08973085456479,6.566178798675537,6.211467742919922,0.35471105575561523,0.011023112830285158,0.07675104500690974,0.06572793217662458,0.03319761535689801,0.03348572953142045,0.0002881141745224194,False,"['sense', 'form', 'amount', 'kind', 'level']","['sense', 'form', 'amount', 'kind', 'level']",none
263,10,65.0,23,a,1,7.36,2.6160512039308883,10,of,2,7.4,2.3370083392645147,0.02702774852514267,0.023000340908765793,0.004027407616376877,0.0004343585031160333,0.004104770146055021,0.0036704116429389882,-0.24114638232609348,9.020071585487312e-07,0.241147284333252,False,"['of', 'and', 'for', 'or', 'to']","['of', 'and', 'for', 'or', 'to']",none
264,10,65.0,23,a,1,7.36,2.6160512039308883,11,blame,5,4.63,13.487923749814938,14.76596736907959,14.660164833068848,0.10580253601074219,0.02269652677822589,0.11291247282677032,0.09021594604854442,-0.1563800208059369,9.749644548680097e-06,0.15638977045048558,False,"['life', 'society', 'poverty', 'isolation', 'boredom']","['life', 'society', 'poverty', 'boredom', 'isolation']",none
265,10,65.0,23,a,1,7.36,2.6160512039308883,12,in,2,7.27,6.7205832524032445,0.15108178555965424,0.15021075308322906,0.0008710324764251709,0.00012231107622919445,0.002966072681302428,0.002843761605073233,-0.171421344796288,7.977727997365605e-08,0.17142142457356796,False,"['in', 'under', 'within', 'with', 'through']","['in', 'under', 'within', 'with', 'through']",none
266,10,65.0,23,a,1,7.36,2.6160512039308883,13,which,5,6.3,4.315448687889257,0.07885568588972092,0.06034286320209503,0.018512822687625885,0.0025299202533641723,0.01775452339471118,0.015224603141347002,-0.4474552550701377,7.0686786829609236e-09,0.4474552621388165,False,"['which', 'that', 'how', 'it', 'where']","['which', 'that', 'how', 'it', 'where']",none
267,10,65.0,23,a,1,7.36,2.6160512039308883,14,it,2,6.95,3.0013969172287944,1.9461915493011475,1.8348495960235596,0.11134195327758789,0.010683135204417406,0.07437267671014786,0.06368954150573046,-0.26222712549356003,7.5399052672720045e-06,0.2622346653988272,False,"['it', 'blame', 'life', 'suicide', 'everything']","['it', 'blame', 'suicide', 'life', 'this']",none
268,10,65.0,23,a,1,7.36,2.6160512039308883,15,is,2,7.07,1.3081637437765874,0.036160048097372055,0.03147250413894653,0.004687543958425522,0.0004271545841358451,0.004633999205274794,0.0042068446211389506,-0.3782379520556779,6.858262053714319e-08,0.3782380206382985,False,"['is', 'was', 'are', 'gets', 'seems']","['is', 'was', 'are', 'gets', 'were']",none
269,10,65.0,23,a,1,7.36,2.6160512039308883,16,carried,7,4.77,7.017450162554626,3.468874931335449,3.216402292251587,0.2524726390838623,0.009458697593028446,0.07667437810280525,0.0672156805097768,-0.33114932242376466,1.0320279644090193e-06,0.33115035445172925,False,"['played', 'carried', 'pointed', 'worked', 'spoken']","['played', 'carried', 'pointed', 'worked', 'spoken']",none
270,10,65.0,23,a,1,7.36,2.6160512039308883,17,out,3,6.38,2.0668413752752377,0.4503597021102905,0.4027016758918762,0.04765802621841431,0.002790231636373268,0.036325201805881585,0.033534970169508314,-0.1509561292854527,3.166663343767016e-06,0.15095929594879648,False,"['out', ',', 'on', 'around', 'about']","['out', ',', 'around', 'on', 'about']",none
271,10,65.0,23,a,1,7.36,2.6160512039308883,18,as,2,6.77,9.546518476208595,1.3300199508666992,1.1229207515716553,0.20709919929504395,0.012217307070733012,0.09513984821035874,0.08292254113962576,-0.07082840450326619,2.747789066242711e-06,0.07083115229233246,False,"['as', ',', '.', 'even', '-']","[',', 'as', 'even', '.', '-']",none
272,10,65.0,23,a,1,7.36,2.6160512039308883,19,though,6,5.5,4.719221302099274,3.1234095096588135,2.797722339630127,0.3256871700286865,0.03214999942692576,0.06943612470475169,0.0372861252778259,-1.6648958344034688,2.0947626311666265e-06,1.6648979291661,False,"['if', 'though', 'although', 'when', 'the']","['if', 'though', 'women', 'the', 'to']",none
273,10,65.0,23,a,1,7.36,2.6160512039308883,20,getting,7,5.57,15.245505538097532,0.9911619424819946,1.000486969947815,-0.009325027465820312,0.010727016021015006,0.04901588360183386,0.038288867580818835,-0.799744734443843,2.2297734018245355e-06,0.7997469642172448,False,"['getting', 'growing', 'becoming', 'being', 'going']","['getting', 'growing', 'being', 'becoming', 'going']",none
274,10,65.0,23,a,1,7.36,2.6160512039308883,21,older,5,4.92,12.239302688206067,9.650003433227539,9.680736541748047,-0.030733108520507812,0.0052094191085470445,0.03895658968427764,0.0337471705757306,-0.34216168466611746,7.119952498630268e-06,0.3421688046186161,False,"['married', 'pregnant', 'divorced', 'rich', 'paid']","['married', 'pregnant', 'divorced', 'rich', 'paid']",none
275,10,65.0,23,a,1,7.36,2.6160512039308883,22,is,2,7.07,2.4196084644731517,0.7391628623008728,0.7352554798126221,0.003907382488250732,1.0502609572850523,1.118521529971717,0.06826057268666487,-4.57341657595182,6.807494131535841e-06,4.5734233834459515,False,"['is', 'was', 'were', 'are', ',']","['is', ',', '.', 'was', '-']",none
276,10,65.0,24,lifestyle,9,4.29,11.693408686018646,0,what,4,6.38,0.0,0.0006319166859611869,0.0005780634819529951,5.3853204008191824e-05,2.5587443413686524e-06,5.403643671349781e-05,5.147769237212918e-05,-0.17351940019986004,0.0010515867589457114,0.17457098695880574,False,"['what', 'whatever', 'that', 'which', 'something']","['what', 'whatever', 'which', 'that', 'something']",none
277,10,65.0,24,lifestyle,9,4.29,11.693408686018646,1,is,2,7.07,5.067392613495786,0.01167511846870184,0.01257472112774849,-0.0008996026590466499,6.403856083438441e-05,0.001034807354545272,0.0009707687937108878,-0.08794537094734675,0.016597835414307534,0.10454320636165429,False,"['is', 'seems', 'gets', 'becomes', 'feels']","['is', 'seems', 'gets', 'becomes', 'feels']",none
278,10,65.0,24,lifestyle,9,4.29,11.693408686018646,2,so,2,6.52,7.045905151849227,4.683310508728027,4.940732002258301,-0.25742149353027344,0.002774417558617751,0.02412400272539113,0.021349585166773377,0.017391267428395907,0.05966835250428325,0.042277085075887344,False,"['most', 'particularly', 'especially', 'really', 'more']","['most', 'particularly', 'especially', 'really', 'more']",none
279,10,65.0,24,lifestyle,9,4.29,11.693408686018646,3,unpleasant,10,3.8,10.97457889163446,10.325915336608887,10.869739532470703,-0.5438241958618164,0.017742472012687124,0.1018303355220248,0.08408786350933767,-0.11955297038857847,0.040099999613758965,0.15965297000233739,False,"['striking', 'interesting', 'remarkable', 'special', 'strange']","['striking', 'interesting', 'strange', 'remarkable', 'special']",none
280,10,65.0,24,lifestyle,9,4.29,11.693408686018646,4,about,5,6.4,1.028931793952807,0.09292175620794296,0.0851161852478981,0.007805570960044861,0.0009748103669134176,0.009320247994049126,0.008345437627135703,-0.051416988904692415,0.02100277452690964,0.07241976343160206,False,"['about', 'in', 'with', 'of', ',']","['about', 'in', 'with', 'of', ',']",none
281,10,65.0,24,lifestyle,9,4.29,11.693408686018646,5,all,3,6.52,7.316653024644298,0.15817022323608398,0.2958838939666748,-0.13771367073059082,0.046913467408905174,0.15911054209096834,0.11219707468206318,0.9308888392607335,0.9309220642615071,3.3225000773652926e-05,False,"['all', 'doing', 'being', 'having', '...']","['all', 'doing', 'being', '...', 'having']",none
282,10,65.0,24,lifestyle,9,4.29,11.693408686018646,6,this,4,6.82,1.068575617216416,0.0727471187710762,0.08315078914165497,-0.010403670370578766,0.002824153565812058,0.012766161376848578,0.00994200781103652,0.6404346751368485,0.6476905560673583,0.007255880930509704,False,"['this', 'that', 'these', 'women', 'life']","['this', 'that', 'these', 'women', 'men']",none
283,10,65.0,24,lifestyle,9,4.29,11.693408686018646,7,is,2,7.07,8.204936360025501,0.07793022692203522,0.05299006402492523,0.024940162897109985,0.004813716036321788,0.024079895990799176,0.019266179954477394,-0.35114985613338545,0.00023172992748796736,0.3513815860608734,False,"['is', '?', ',', '-', ':']","['is', '?', ',', '-', ':']",none
284,10,65.0,24,lifestyle,9,4.29,11.693408686018646,8,the,3,7.73,4.032598697154909,0.06664963066577911,0.07130949944257736,-0.004659868776798248,0.0006262143129777253,0.007129655171463422,0.006503440858485696,0.07199771728519481,0.08645825678254426,0.014460539497349458,False,"['the', 'an', 'this', 'its', 'that']","['the', 'an', 'this', 'its', 'that']",none
285,10,65.0,24,lifestyle,9,4.29,11.693408686018646,9,atmosphere,10,4.46,11.08973085456479,6.067327499389648,6.211467742919922,-0.14414024353027344,0.017790585952223346,0.0944272918848062,0.07663670593258284,-0.12335470266967696,0.04103404791295643,0.16438875058263336,False,"['sense', 'form', 'amount', 'kind', 'level']","['sense', 'form', 'kind', 'amount', 'sort']",none
286,10,65.0,24,lifestyle,9,4.29,11.693408686018646,10,of,2,7.4,2.3370083392645147,0.015943629667162895,0.023000340908765793,-0.007056711241602898,0.0024678497357687856,0.009413539238278801,0.00694568950251002,0.6278631810533554,0.628120132233788,0.00025695118043279756,False,"['of', 'and', 'for', 'or', 'to']","['of', 'and', 'for', 'or', 'to']",none
287,10,65.0,24,lifestyle,9,4.29,11.693408686018646,11,blame,5,4.63,13.487923749814938,13.70980167388916,14.660164833068848,-0.9503631591796875,0.08869706650067821,0.25274399932957214,0.1640469328288939,-0.11994497300396309,0.11284706566517488,0.23279203866913803,False,"['life', 'society', 'poverty', 'isolation', 'boredom']","['poverty', 'society', 'oppression', 'life', 'isolation']",none
288,10,65.0,24,lifestyle,9,4.29,11.693408686018646,12,in,2,7.27,6.7205832524032445,0.1451796442270279,0.15021075308322906,-0.005031108856201172,0.0006635516195050138,0.007636826047660082,0.006973274428155068,0.12503579930005834,0.13262969436625316,0.0075938950661947925,False,"['in', 'under', 'within', 'with', 'through']","['in', 'under', 'within', 'with', 'through']",none
289,10,65.0,24,lifestyle,9,4.29,11.693408686018646,13,which,5,6.3,4.315448687889257,0.04750436916947365,0.06034286320209503,-0.012838494032621384,0.001649978170406115,0.01396367179844444,0.012313693628038325,0.29537406783755277,0.29589317726970465,0.0005191094321518729,False,"['which', 'that', 'how', 'it', 'where']","['which', 'that', 'how', 'it', 'where']",none
290,10,65.0,24,lifestyle,9,4.29,11.693408686018646,14,it,2,6.95,3.0013969172287944,1.576133370399475,1.8348495960235596,-0.2587162256240845,0.06971989701262388,0.21830164454069004,0.14858174752806613,0.02667194266098681,0.16605425747125935,0.1393823148102726,False,"['it', 'blame', 'life', 'suicide', 'everything']","['it', 'blame', 'life', 'everything', 'this']",none
291,10,65.0,24,lifestyle,9,4.29,11.693408686018646,15,is,2,7.07,1.3081637437765874,0.03806012496352196,0.03147250413894653,0.006587620824575424,0.0006905614252827147,0.006468544788270393,0.0057779833629876785,-0.2514375839316685,0.002302637766768937,0.2537402216984374,False,"['is', 'was', 'are', 'gets', 'seems']","['is', 'was', 'are', 'gets', 'were']",none
292,10,65.0,24,lifestyle,9,4.29,11.693408686018646,16,carried,7,4.77,7.017450162554626,3.260441541671753,3.216402292251587,0.044039249420166016,0.016166466365433774,0.10088139384193791,0.08471492747650412,0.030124486987289374,0.11330393515917979,0.08317944817189042,False,"['played', 'carried', 'pointed', 'worked', 'spoken']","['played', 'pointed', 'carried', 'worked', 'spoken']",none
293,10,65.0,24,lifestyle,9,4.29,11.693408686018646,17,out,3,6.38,2.0668413752752377,0.47410646080970764,0.4027016758918762,0.07140478491783142,0.005337148420135575,0.05416652384650321,0.04882937542636761,-0.14905777528954922,0.024053961046751518,0.17311173633630073,False,"['out', ',', 'on', 'around', 'about']","['out', ',', 'on', 'around', 'about']",none
294,10,65.0,24,lifestyle,9,4.29,11.693408686018646,18,as,2,6.77,9.546518476208595,1.6866613626480103,1.1229207515716553,0.563740611076355,0.0747690868920528,0.26465306827841156,0.18988398138635884,0.08757360144337724,0.1240501811169277,0.03647657967355047,False,"['as', ',', '.', 'even', '-']","[',', 'as', '.', 'even', '-']",none
295,10,65.0,24,lifestyle,9,4.29,11.693408686018646,19,though,6,5.5,4.719221302099274,3.141550302505493,2.797722339630127,0.3438279628753662,0.0614388257557044,0.11486342672587017,0.05342460097016581,-1.326535571403252,6.449763623784663e-05,1.3266000690394897,False,"['if', 'though', 'although', 'when', 'the']","['if', 'though', 'women', 'the', 'to']",none
296,10,65.0,24,lifestyle,9,4.29,11.693408686018646,20,getting,7,5.57,15.245505538097532,1.1119660139083862,1.000486969947815,0.11147904396057129,0.012718448469210228,0.0843761734119888,0.07165772494277856,-0.5626853128522491,0.04098164480858337,0.6036669576608324,False,"['getting', 'growing', 'becoming', 'being', 'going']","['getting', 'growing', 'becoming', 'being', 'going']",none
297,10,65.0,24,lifestyle,9,4.29,11.693408686018646,21,older,5,4.92,12.239302688206067,11.607717514038086,9.680736541748047,1.926980972290039,0.08482768930917275,0.21271993688265342,0.12789224757348067,0.9102793165949011,0.9420280195571207,0.03174870296221951,False,"['married', 'pregnant', 'divorced', 'rich', 'paid']","['married', 'pregnant', 'divorced', 'killed', 'paid']",none
298,10,65.0,24,lifestyle,9,4.29,11.693408686018646,22,is,2,7.07,2.4196084644731517,0.8999415040016174,0.7352554798126221,0.16468602418899536,0.015961711234358522,0.105989487599088,0.09002777636472946,-0.1382059745446114,0.1129009860637131,0.25110696060832444,False,"['is', 'was', 'were', 'are', ',']","['is', 'was', 'were', 'are', ',']",none
299,10,65.0,24,lifestyle,9,4.29,11.693408686018646,23,a,1,7.36,2.6160512039308883,0.018488984555006027,0.008848500438034534,0.009640484116971493,0.005061610739383976,0.011209733315103861,0.00614812257571989,-0.285198520199079,0.14818064127904929,0.4333791614781283,False,"['a', 'the', 'another', 'some', 'an']","['a', 'the', 'another', 'an', 'some']",none
300,10,65.0,25,choice,6,5.08,0.9964249582791739,0,what,4,6.38,0.0,0.000629507820121944,0.0005780634819529951,5.144433816894889e-05,2.954107132233779e-06,5.365340201529591e-05,5.069929488306214e-05,-0.1456374973088845,0.0011446090997476296,0.14678210640863212,False,"['what', 'whatever', 'that', 'which', 'something']","['what', 'whatever', 'which', 'that', 'something']",none
301,10,65.0,25,choice,6,5.08,0.9964249582791739,1,is,2,7.07,5.067392613495786,0.012539677321910858,0.01257472112774849,-3.5043805837631226e-05,3.553266367619648e-05,0.00037031566807813786,0.00033478300440194133,-0.228832145325306,0.00012550002266141922,0.22895764534796736,False,"['is', 'seems', 'gets', 'becomes', 'feels']","['is', 'seems', 'gets', 'becomes', 'feels']",none
302,10,65.0,25,choice,6,5.08,0.9964249582791739,2,so,2,6.52,7.045905151849227,4.832170009613037,4.940732002258301,-0.10856199264526367,0.003488516360737801,0.0404466417527692,0.0369581253920314,-0.03797209628214969,0.03130666938944464,0.06927876567159434,False,"['most', 'particularly', 'especially', 'really', 'more']","['most', 'particularly', 'especially', 'really', 'more']",none
303,10,65.0,25,choice,6,5.08,0.9964249582791739,3,unpleasant,10,3.8,10.97457889163446,10.55125617980957,10.869739532470703,-0.3184833526611328,0.008547655802765933,0.06670917022762174,0.0581615144248558,-0.16510446929641984,0.006550900122586573,0.1716553694190064,False,"['striking', 'interesting', 'remarkable', 'special', 'strange']","['striking', 'interesting', 'remarkable', 'special', 'strange']",none
304,10,65.0,25,choice,6,5.08,0.9964249582791739,4,about,5,6.4,1.028931793952807,0.09824434667825699,0.0851161852478981,0.013128161430358887,0.0012155489796626413,0.012441726606113871,0.01122617762645123,-0.28202858006962894,0.00027510341165980803,0.28230368348128876,False,"['about', 'in', 'with', 'of', ',']","['about', 'in', 'with', 'of', '?']",none
305,10,65.0,25,choice,6,5.08,0.9964249582791739,5,all,3,6.52,7.316653024644298,0.2353907823562622,0.2958838939666748,-0.0604931116104126,0.00967938125210434,0.06177272595886292,0.05209334470675859,0.2467275657673761,0.29419964535267074,0.04747207958529464,False,"['all', 'doing', 'being', 'having', '...']","['all', 'doing', 'being', 'having', '...']",none
306,10,65.0,25,choice,6,5.08,0.9964249582791739,6,this,4,6.82,1.068575617216416,0.09426943957805634,0.08315078914165497,0.011118650436401367,0.00150285680969923,0.01228669839436305,0.010783841584663821,-0.05720437551160203,0.11998398706798095,0.17718836257958293,False,"['this', 'that', 'these', 'women', 'life']","['this', 'that', 'these', 'life', 'women']",none
307,10,65.0,25,choice,6,5.08,0.9964249582791739,7,is,2,7.07,8.204936360025501,0.08136637508869171,0.05299006402492523,0.02837631106376648,0.00608928499946403,0.02737496191095504,0.02128567691149101,-0.5412225785577098,7.423049997755647e-05,0.5412968090576874,False,"['is', '?', ',', '-', ':']","['is', '?', ',', ':', '-']",none
308,10,65.0,25,choice,6,5.08,0.9964249582791739,8,the,3,7.73,4.032598697154909,0.08029011636972427,0.07130949944257736,0.008980616927146912,0.0005273763756737543,0.008547547246129971,0.008020170870456218,-0.25530451920549807,4.044767713748653e-05,0.25534496688263564,False,"['the', 'an', 'this', 'its', 'that']","['the', 'an', 'this', 'its', 'that']",none
309,10,65.0,25,choice,6,5.08,0.9964249582791739,9,atmosphere,10,4.46,11.08973085456479,6.278061389923096,6.211467742919922,0.06659364700317383,0.03034778796457905,0.1358563067458672,0.10550851878128815,-0.2681683411234334,0.012888470867015885,0.2810568119904493,False,"['sense', 'form', 'amount', 'kind', 'level']","['form', 'sense', 'kind', 'amount', 'sort']",none
310,10,65.0,25,choice,6,5.08,0.9964249582791739,10,of,2,7.4,2.3370083392645147,0.024588176980614662,0.023000340908765793,0.0015878360718488693,8.271016865544708e-05,0.0016775329890592098,0.0015948228204037621,-0.13981818504372334,0.014521235581272792,0.15433942062499612,False,"['of', 'and', 'for', 'or', 'to']","['of', 'and', 'for', 'or', 'to']",none
311,10,65.0,25,choice,6,5.08,0.9964249582791739,11,blame,5,4.63,13.487923749814938,14.904212951660156,14.660164833068848,0.2440481185913086,0.06530463944307494,0.20427613980430784,0.1389715003612329,0.08148420287220685,0.23362605940198872,0.15214185652978185,False,"['life', 'society', 'poverty', 'isolation', 'boredom']","['life', 'society', 'poverty', 'youth', 'decay']",none
312,10,65.0,25,choice,6,5.08,0.9964249582791739,12,in,2,7.27,6.7205832524032445,0.14323244988918304,0.15021075308322906,-0.0069783031940460205,0.0007365898789497025,0.009439806226360618,0.008703216347410916,-0.25642982448658497,0.0010340330405241964,0.2574638575271092,False,"['in', 'under', 'within', 'with', 'through']","['in', 'under', 'within', 'with', 'through']",none
313,10,65.0,25,choice,6,5.08,0.9964249582791739,13,which,5,6.3,4.315448687889257,0.05073564872145653,0.06034286320209503,-0.009607214480638504,0.000905541177894254,0.010167147120731223,0.009261605942836974,0.1351300781486355,0.14165225946004764,0.006522181311412151,False,"['which', 'that', 'how', 'it', 'where']","['which', 'that', 'how', 'it', 'where']",none
314,10,65.0,25,choice,6,5.08,0.9964249582791739,14,it,2,6.95,3.0013969172287944,1.6615105867385864,1.8348495960235596,-0.17333900928497314,0.036910381980846216,0.1535639625525219,0.11665358057167566,0.07582256856754123,0.23097707830135913,0.15515450973381786,False,"['it', 'blame', 'life', 'suicide', 'everything']","['it', 'life', 'blame', 'everything', 'this']",none
315,10,65.0,25,choice,6,5.08,0.9964249582791739,15,is,2,7.07,1.3081637437765874,0.045798007398843765,0.03147250413894653,0.014325503259897232,0.002875647550853276,0.014357809196346511,0.011482161645493231,-0.2775312645568686,0.0008372913539645075,0.2783685559108331,False,"['is', 'was', 'are', 'gets', 'seems']","['is', 'was', 'are', 'gets', 'were']",none
316,10,65.0,25,choice,6,5.08,0.9964249582791739,16,carried,7,4.77,7.017450162554626,1.9757874011993408,3.216402292251587,-1.240614891052246,0.14299062298848841,0.30976671448238347,0.16677609149389513,-0.16378425064588664,0.025260546404037278,0.1890447970499239,False,"['played', 'carried', 'pointed', 'worked', 'spoken']","['carried', 'played', 'worked', 'pointed', 'borne']",none
317,10,65.0,25,choice,6,5.08,0.9964249582791739,17,out,3,6.38,2.0668413752752377,0.4370644986629486,0.4027016758918762,0.03436282277107239,0.005234739171196322,0.033507801793187166,0.02827306262199084,-0.13067473229988422,0.034496108210022636,0.16517084050990685,False,"['out', ',', 'on', 'around', 'about']","['out', ',', 'on', 'around', 'about']",none
318,10,65.0,25,choice,6,5.08,0.9964249582791739,18,as,2,6.77,9.546518476208595,1.524964451789856,1.1229207515716553,0.4020437002182007,0.0457074080211653,0.1875424895352614,0.14183508151409618,-0.1386253560562245,0.012341651653838014,0.15096700771006247,False,"['as', ',', '.', 'even', '-']","[',', 'as', '.', 'even', '-']",none
319,10,65.0,25,choice,6,5.08,0.9964249582791739,19,though,6,5.5,4.719221302099274,3.05191707611084,2.797722339630127,0.2541947364807129,0.09494898467348453,0.1631632872430647,0.06821430256958018,-1.322861163702399,8.809514162077623e-05,1.3229492588440197,False,"['if', 'though', 'although', 'when', 'the']","['if', 'though', 'women', '.', 'the']",none
320,10,65.0,25,choice,6,5.08,0.9964249582791739,20,getting,7,5.57,15.245505538097532,1.2542914152145386,1.000486969947815,0.25380444526672363,0.028057924579802773,0.14243065934006563,0.11437273476026277,-0.4928151294880682,0.3063428307316662,0.7991579602197344,False,"['getting', 'growing', 'becoming', 'being', 'going']","['getting', 'growing', 'becoming', 'being', 'living']",none
321,10,65.0,25,choice,6,5.08,0.9964249582791739,21,older,5,4.92,12.239302688206067,9.171504020690918,9.680736541748047,-0.5092325210571289,0.11286506648487131,0.26222088210408484,0.1493558156192135,-0.4793591519827614,0.07476119775877957,0.5541203497415409,False,"['married', 'pregnant', 'divorced', 'rich', 'paid']","['married', 'rich', 'pregnant', 'divorced', 'killed']",none
322,10,65.0,25,choice,6,5.08,0.9964249582791739,22,is,2,7.07,2.4196084644731517,1.1007846593856812,0.7352554798126221,0.3655291795730591,1.474179624952719,1.547131825301244,0.07295220034852501,-2.223169874459244,0.06621414217675081,2.2893840166359944,False,"['is', 'was', 'were', 'are', ',']","['is', ',', 'in', '-', '.']",none
323,10,65.0,25,choice,6,5.08,0.9964249582791739,23,a,1,7.36,2.6160512039308883,0.020116588100790977,0.008848500438034534,0.011268087662756443,0.00460003273047777,0.011344458821538877,0.006744426091061108,-1.566318212819615,0.011555964009114595,1.5778741768287297,False,"['a', 'the', 'another', 'some', 'an']","['a', 'the', 'another', 'some', 'their']",none
324,10,65.0,25,choice,6,5.08,0.9964249582791739,24,lifestyle,9,4.29,11.693408686018646,12.184714317321777,10.069616317749023,2.115097999572754,8.053073787542647,8.107702172127421,0.05462838458477308,-2.884452510497564,1.023166773529875,3.9076192840274393,False,"['natural', 'moral', 'conscious', 'deliberate', 'bad']","['decision', 'choice', 'habit', 'mistake', 'process']",none
325,10,65.0,26,made,4,5.92,7.5237024834755815,0,what,4,6.38,0.0,0.00059182767290622,0.0005780634819529951,1.3764190953224897e-05,8.765161065542262e-07,2.251978068752933e-05,2.1643264580975106e-05,-0.1694305856634336,2.4790160642506707e-06,0.16943306467949787,False,"['what', 'whatever', 'that', 'which', 'something']","['what', 'whatever', 'which', 'that', 'something']",none
326,10,65.0,26,made,4,5.92,7.5237024834755815,1,is,2,7.07,5.067392613495786,0.01259059552103281,0.01257472112774849,1.587439328432083e-05,9.446728265422948e-06,0.0001721455625915396,0.00016269883432611668,-0.12765124564826613,4.6219350543219607e-07,0.12765170784177157,False,"['is', 'seems', 'gets', 'becomes', 'feels']","['is', 'seems', 'gets', 'becomes', 'feels']",none
327,10,65.0,26,made,4,5.92,7.5237024834755815,2,so,2,6.52,7.045905151849227,4.900348663330078,4.940732002258301,-0.040383338928222656,0.0007220814215992614,0.020672644501206882,0.01995056307960762,0.07608966218021217,0.08990772650663284,0.013818064326420675,False,"['most', 'particularly', 'especially', 'really', 'more']","['most', 'particularly', 'especially', 'really', 'more']",none
328,10,65.0,26,made,4,5.92,7.5237024834755815,3,unpleasant,10,3.8,10.97457889163446,10.787782669067383,10.869739532470703,-0.08195686340332031,0.0020396171849811524,0.029049485032279304,0.027009867847298155,-0.07950043045208266,0.0015976436599283717,0.081098074112011,False,"['striking', 'interesting', 'remarkable', 'special', 'strange']","['striking', 'interesting', 'remarkable', 'special', 'strange']",none
329,10,65.0,26,made,4,5.92,7.5237024834755815,4,about,5,6.4,1.028931793952807,0.08903015404939651,0.0851161852478981,0.003913968801498413,0.00018575083553923872,0.003701156714395206,0.003515405878855968,-0.1565625580030588,8.228210873244954e-06,0.15657078621393203,False,"['about', 'in', 'with', 'of', ',']","['about', 'in', 'with', 'of', ',']",none
330,10,65.0,26,made,4,5.92,7.5237024834755815,5,all,3,6.52,7.316653024644298,0.3138599395751953,0.2958838939666748,0.017976045608520508,0.0009262998372558431,0.01649659422946555,0.015570294392209711,-0.08911139674240422,0.0008909693129439069,0.09000236605534812,False,"['all', 'doing', 'being', 'having', '...']","['all', 'doing', 'being', 'having', '...']",none
331,10,65.0,26,made,4,5.92,7.5237024834755815,6,this,4,6.82,1.068575617216416,0.09230585396289825,0.08315078914165497,0.009155064821243286,0.0007754389208856729,0.009074146618931503,0.008298707698045832,-0.29438080985560927,0.0008220269665731068,0.2952028368221823,False,"['this', 'that', 'these', 'women', 'life']","['this', 'that', 'these', 'women', 'life']",none
332,10,65.0,26,made,4,5.92,7.5237024834755815,7,is,2,7.07,8.204936360025501,0.04932423681020737,0.05299006402492523,-0.003665827214717865,0.00031008403707870346,0.004079822348144103,0.003769738311065399,-0.028840175832943484,0.00025185830622442097,0.029092034139167902,False,"['is', '?', ',', '-', ':']","['is', '?', ',', ':', '-']",none
333,10,65.0,26,made,4,5.92,7.5237024834755815,8,the,3,7.73,4.032598697154909,0.09589564800262451,0.07130949944257736,0.02458614856004715,0.0035220727182642153,0.02340044966022712,0.019878376941962903,-0.320836487150912,1.3324135524991372e-07,0.32083662039226724,False,"['the', 'an', 'this', 'its', 'that']","['the', 'an', 'this', 'its', 'that']",none
334,10,65.0,26,made,4,5.92,7.5237024834755815,9,atmosphere,10,4.46,11.08973085456479,6.584728240966797,6.211467742919922,0.373260498046875,0.009571494687131659,0.07298750370846706,0.06341600902133541,-0.11946599310013582,0.002536823795208457,0.12200281689534431,False,"['sense', 'form', 'amount', 'kind', 'level']","['sense', 'form', 'amount', 'kind', 'level']",none
335,10,65.0,26,made,4,5.92,7.5237024834755815,10,of,2,7.4,2.3370083392645147,0.024173980578780174,0.023000340908765793,0.0011736396700143814,9.240121576629636e-05,0.0015554529574390579,0.0014630517416727616,-0.08705441272226958,6.166072053851437e-05,0.0871160734428081,False,"['of', 'and', 'for', 'or', 'to']","['of', 'and', 'for', 'or', 'to']",none
336,10,65.0,26,made,4,5.92,7.5237024834755815,11,blame,5,4.63,13.487923749814938,14.656455993652344,14.660164833068848,-0.0037088394165039062,0.014224385933807728,0.0875112592512857,0.07328687331747796,-0.18113644851751928,0.008073357809263264,0.18920980632678253,False,"['life', 'society', 'poverty', 'isolation', 'boredom']","['society', 'life', 'poverty', 'isolation', 'oppression']",none
337,10,65.0,26,made,4,5.92,7.5237024834755815,12,in,2,7.27,6.7205832524032445,0.15875086188316345,0.15021075308322906,0.008540108799934387,0.00035913518016582286,0.007880495442044388,0.007521360261878567,-0.24977497615315603,1.1332832267345501e-07,0.2497750894814787,False,"['in', 'under', 'within', 'with', 'through']","['in', 'under', 'within', 'with', 'through']",none
338,10,65.0,26,made,4,5.92,7.5237024834755815,13,which,5,6.3,4.315448687889257,0.07032142579555511,0.06034286320209503,0.009978562593460083,0.0007818227196170026,0.009572316703566302,0.008790493983949299,-0.1801567654466113,0.0001675852160046247,0.18032435066261593,False,"['which', 'that', 'how', 'it', 'where']","['which', 'that', 'how', 'it', 'where']",none
339,10,65.0,26,made,4,5.92,7.5237024834755815,14,it,2,6.95,3.0013969172287944,1.8437858819961548,1.8348495960235596,0.008936285972595215,0.007671361017947773,0.056874264538621544,0.049202903520673774,-0.23319533257488442,0.0010878650912078916,0.23428319766609224,False,"['it', 'blame', 'life', 'suicide', 'everything']","['it', 'blame', 'life', 'suicide', 'everything']",none
340,10,65.0,26,made,4,5.92,7.5237024834755815,15,is,2,7.07,1.3081637437765874,0.03250986337661743,0.03147250413894653,0.0010373592376708984,7.641259085986585e-05,0.0011148557538387394,0.0010384431629788737,-0.3270195899888852,1.8884288500563978e-07,0.3270197788317703,False,"['is', 'was', 'are', 'gets', 'seems']","['is', 'was', 'are', 'gets', 'were']",none
341,10,65.0,26,made,4,5.92,7.5237024834755815,16,carried,7,4.77,7.017450162554626,3.0442166328430176,3.216402292251587,-0.17218565940856934,0.007375359954313383,0.06476755493358811,0.05739219497927474,0.13201800278895143,0.14245973153946145,0.010441728750510077,False,"['played', 'carried', 'pointed', 'worked', 'spoken']","['played', 'carried', 'pointed', 'worked', 'spoken']",none
342,10,65.0,26,made,4,5.92,7.5237024834755815,17,out,3,6.38,2.0668413752752377,0.3599981665611267,0.4027016758918762,-0.04270350933074951,0.004420976154921915,0.04228666160493615,0.03786568545001421,-0.14505896294697673,0.0029333920151135544,0.14799235496209034,False,"['out', ',', 'on', 'around', 'about']","['out', ',', 'on', 'around', 'off']",none
343,10,65.0,26,made,4,5.92,7.5237024834755815,18,as,2,6.77,9.546518476208595,1.343427062034607,1.1229207515716553,0.22050631046295166,0.012828343972273877,0.10125317712412528,0.08842483315185141,-0.23063017847095363,5.421418034352674e-05,0.23068439265129714,False,"['as', ',', '.', 'even', '-']","[',', 'as', '.', 'even', '-']",none
344,10,65.0,26,made,4,5.92,7.5237024834755815,19,though,6,5.5,4.719221302099274,2.6076011657714844,2.797722339630127,-0.19012117385864258,0.0037226525423774024,0.036557509241590125,0.03283485669921271,-0.08409250888077381,0.0022726579705054763,0.08636516685127929,False,"['if', 'though', 'although', 'when', 'the']","['if', 'though', 'when', 'although', 'how']",none
345,10,65.0,26,made,4,5.92,7.5237024834755815,20,getting,7,5.57,15.245505538097532,0.7818153500556946,1.000486969947815,-0.21867161989212036,0.021850168474009255,0.13238381755716455,0.11053364908315527,0.4420537936292152,0.45073861125841813,0.008684817629202942,False,"['getting', 'growing', 'becoming', 'being', 'going']","['getting', 'growing', 'becoming', 'being', 'living']",none
346,10,65.0,26,made,4,5.92,7.5237024834755815,21,older,5,4.92,12.239302688206067,9.684479713439941,9.680736541748047,0.0037431716918945312,0.00540102028460254,0.04664190843852528,0.04124088815392273,-0.3984507619490632,0.005674761429702265,0.40412552337876545,False,"['married', 'pregnant', 'divorced', 'rich', 'paid']","['married', 'pregnant', 'divorced', 'rich', 'paid']",none
347,10,65.0,26,made,4,5.92,7.5237024834755815,22,is,2,7.07,2.4196084644731517,0.5301389694213867,0.7352554798126221,-0.20511651039123535,0.036551623446454004,0.16473885933245938,0.1281872358860053,-1.1105325635828471,0.00347087242542183,1.1140034360082693,False,"['is', 'was', 'were', 'are', ',']","['is', 'was', 'were', 'are', ',']",none
348,10,65.0,26,made,4,5.92,7.5237024834755815,23,a,1,7.36,2.6160512039308883,0.00752249313518405,0.008848500438034534,-0.0013260073028504848,0.001128567437450164,0.003319414481829298,0.0021908470443791324,-1.3531051686984625,0.0001441849124527042,1.3532493536109147,False,"['a', 'the', 'another', 'some', 'an']","['a', 'the', 'another', 'an', 'their']",none
349,10,65.0,26,made,4,5.92,7.5237024834755815,24,lifestyle,9,4.29,11.693408686018646,8.445968627929688,10.069616317749023,-1.623647689819336,0.10309567147538183,0.27642715116336575,0.1733314796879839,-0.21933391980574188,0.014730208878104743,0.23406412868384663,False,"['natural', 'moral', 'conscious', 'deliberate', 'bad']","['natural', 'moral', 'conscious', 'rational', 'wise']",none
350,10,65.0,26,made,4,5.92,7.5237024834755815,25,choice,6,5.08,0.9964249582791739,10.48580265045166,3.7111682891845703,6.77463436126709,3.7624896380558277,3.935680531063107,0.17319089300727963,-7.82268961964957,0.006350287175848564,7.829039906825418,False,"['decision', 'choice', 'being', 'deliberately', 'custom']","['often', 'enjoyed', 'made', 'usually', 'being']",none
351,10,65.0,27,by,2,6.66,1.0755304266739252,0,what,4,6.38,0.0,0.0005792678566649556,0.0005780634819529951,1.2043747119605541e-06,1.8193564048534325e-07,7.189988492850617e-06,7.008052852365273e-06,-0.07609158258036047,0.00010954367774299851,0.07620112625810349,False,"['what', 'whatever', 'that', 'which', 'something']","['what', 'whatever', 'which', 'that', 'something']",none
352,10,65.0,27,by,2,6.66,1.0755304266739252,1,is,2,7.07,5.067392613495786,0.012818839401006699,0.01257472112774849,0.00024411827325820923,1.8618694120613845e-05,0.0004219688557015572,0.00040335016158094336,-0.11070666496966057,6.072429988309295e-06,0.1107127373996489,False,"['is', 'seems', 'gets', 'becomes', 'feels']","['is', 'seems', 'gets', 'becomes', 'feels']",none
353,10,65.0,27,by,2,6.66,1.0755304266739252,2,so,2,6.52,7.045905151849227,4.778693199157715,4.940732002258301,-0.16203880310058594,0.0014304870623846285,0.022267538469313213,0.020837051406928587,-0.006471917926891267,0.008526639808316546,0.014998557735207812,False,"['most', 'particularly', 'especially', 'really', 'more']","['most', 'particularly', 'especially', 'really', 'more']",none
354,10,65.0,27,by,2,6.66,1.0755304266739252,3,unpleasant,10,3.8,10.97457889163446,10.822669982910156,10.869739532470703,-0.047069549560546875,0.0022664209245586227,0.03117647569345267,0.028910054768894047,0.012361309661100578,0.01316913951090016,0.0008078298497995773,False,"['striking', 'interesting', 'remarkable', 'special', 'strange']","['striking', 'interesting', 'special', 'remarkable', 'strange']",none
355,10,65.0,27,by,2,6.66,1.0755304266739252,4,about,5,6.4,1.028931793952807,0.08548657596111298,0.0851161852478981,0.00037039071321487427,0.00017356646146479067,0.001983181960914547,0.0018096154994497557,0.023301541337569738,0.05378387364913386,0.030482332311564116,False,"['about', 'in', 'with', 'of', ',']","['about', 'in', 'with', 'of', ',']",none
356,10,65.0,27,by,2,6.66,1.0755304266739252,5,all,3,6.52,7.316653024644298,0.28885000944137573,0.2958838939666748,-0.007033884525299072,0.0024821723296841306,0.020458246393230812,0.017976074063546673,-0.1217605571902465,0.00012003760384674274,0.12188059479409324,False,"['all', 'doing', 'being', 'having', '...']","['all', 'doing', 'being', 'having', '...']",none
357,10,65.0,27,by,2,6.66,1.0755304266739252,6,this,4,6.82,1.068575617216416,0.08392985165119171,0.08315078914165497,0.0007790625095367432,0.0004553587903862621,0.004165652717647036,0.0037102939272607746,-0.0014937191154975875,0.011408546909800503,0.012902266025298087,False,"['this', 'that', 'these', 'women', 'life']","['this', 'that', 'these', 'women', 'life']",none
358,10,65.0,27,by,2,6.66,1.0755304266739252,7,is,2,7.07,8.204936360025501,0.06532936543226242,0.05299006402492523,0.012339301407337189,0.0014586516392181195,0.012002424659957451,0.01054377302073933,-0.16527651932042178,1.4550684066612834e-07,0.16527666482726247,False,"['is', '?', ',', '-', ':']","['is', '?', ',', '-', ':']",none
359,10,65.0,27,by,2,6.66,1.0755304266739252,8,the,3,7.73,4.032598697154909,0.07457105815410614,0.07130949944257736,0.003261558711528778,8.042785304330821e-05,0.0031100974265605374,0.003029669573517229,-0.089922445724167,2.63889959286456e-07,0.0899227096141263,False,"['the', 'an', 'this', 'its', 'that']","['the', 'an', 'this', 'its', 'that']",none
360,10,65.0,27,by,2,6.66,1.0755304266739252,9,atmosphere,10,4.46,11.08973085456479,6.464308738708496,6.211467742919922,0.2528409957885742,0.006028621576412806,0.05242601528106959,0.046397393704656766,-0.042260350571259736,0.0002746459047415781,0.042534996476001306,False,"['sense', 'form', 'amount', 'kind', 'level']","['sense', 'form', 'amount', 'kind', 'level']",none
361,10,65.0,27,by,2,6.66,1.0755304266739252,10,of,2,7.4,2.3370083392645147,0.02419496886432171,0.023000340908765793,0.0011946279555559158,0.00015486523090217522,0.0018074670922038126,0.0016526018613016375,0.010496110551966033,0.010585891663447233,8.978111148120151e-05,False,"['of', 'and', 'for', 'or', 'to']","['of', 'and', 'for', 'or', 'to']",none
362,10,65.0,27,by,2,6.66,1.0755304266739252,11,blame,5,4.63,13.487923749814938,14.553289413452148,14.660164833068848,-0.10687541961669922,0.019395122932068357,0.10359451714263117,0.0841993942105628,0.048758287540329105,0.08859160427798325,0.03983331673765417,False,"['life', 'society', 'poverty', 'isolation', 'boredom']","['life', 'society', 'poverty', 'isolation', 'boredom']",none
363,10,65.0,27,by,2,6.66,1.0755304266739252,12,in,2,7.27,6.7205832524032445,0.1425926238298416,0.15021075308322906,-0.007618129253387451,0.00035367333577202253,0.008107516843874583,0.007753843508102559,0.07158441011489143,0.11355637980948763,0.04197196969459616,False,"['in', 'under', 'within', 'with', 'through']","['in', 'under', 'within', 'with', 'through']",none
364,10,65.0,27,by,2,6.66,1.0755304266739252,13,which,5,6.3,4.315448687889257,0.06557321548461914,0.06034286320209503,0.005230352282524109,0.00030999798498594384,0.005044217357919374,0.0047342193729334285,-0.09352677511617187,3.541382250987089e-05,0.0935621889386818,False,"['which', 'that', 'how', 'it', 'where']","['which', 'that', 'how', 'it', 'where']",none
365,10,65.0,27,by,2,6.66,1.0755304266739252,14,it,2,6.95,3.0013969172287944,1.874908208847046,1.8348495960235596,0.04005861282348633,0.016615750773868173,0.08751247686619737,0.0708967260923292,-0.08787469431054569,0.00019654674892515992,0.08807124105947087,False,"['it', 'blame', 'life', 'suicide', 'everything']","['it', 'blame', 'everything', 'this', 'life']",none
366,10,65.0,27,by,2,6.66,1.0755304266739252,15,is,2,7.07,1.3081637437765874,0.029287857934832573,0.03147250413894653,-0.0021846462041139603,0.00017184736353818478,0.0027182155985398674,0.002546368235001682,-0.1952067886944918,8.265501261915366e-07,0.195207615244618,False,"['is', 'was', 'are', 'gets', 'seems']","['is', 'was', 'are', 'gets', 'seems']",none
367,10,65.0,27,by,2,6.66,1.0755304266739252,16,carried,7,4.77,7.017450162554626,3.3654792308807373,3.216402292251587,0.1490769386291504,0.004222451129094126,0.040488761881977864,0.036266310752883744,-0.28849695306886136,5.549545750418647e-07,0.2884975080234364,False,"['played', 'carried', 'pointed', 'worked', 'spoken']","['played', 'carried', 'pointed', 'worked', 'spoken']",none
368,10,65.0,27,by,2,6.66,1.0755304266739252,17,out,3,6.38,2.0668413752752377,0.38265538215637207,0.4027016758918762,-0.02004629373550415,0.0006829371060951019,0.016259181983716512,0.015576244877621407,0.12680078365434352,0.12704875608081365,0.0002479724264701324,False,"['out', ',', 'on', 'around', 'about']","['out', ',', 'on', 'around', 'about']",none
369,10,65.0,27,by,2,6.66,1.0755304266739252,18,as,2,6.77,9.546518476208595,1.0925445556640625,1.1229207515716553,-0.030376195907592773,0.005871068493441045,0.03472854438925022,0.028857475895809174,0.017065852276749616,0.0584138030374334,0.04134795076068379,False,"['as', ',', '.', 'even', '-']","['as', ',', 'even', '.', '-']",none
370,10,65.0,27,by,2,6.66,1.0755304266739252,19,though,6,5.5,4.719221302099274,2.9839744567871094,2.797722339630127,0.18625211715698242,0.02032597032497245,0.057830842400999276,0.03750487207602683,-0.8525438961846482,9.788389153016353e-07,0.8525448750235636,False,"['if', 'though', 'although', 'when', 'the']","['if', 'though', 'women', 'the', 'when']",none
371,10,65.0,27,by,2,6.66,1.0755304266739252,20,getting,7,5.57,15.245505538097532,0.8492798209190369,1.000486969947815,-0.15120714902877808,0.014788737146055851,0.09118464725481723,0.07639591010876141,0.6512375174697069,0.651369724848532,0.00013220737882500402,False,"['getting', 'growing', 'becoming', 'being', 'going']","['getting', 'growing', 'becoming', 'being', 'going']",none
372,10,65.0,27,by,2,6.66,1.0755304266739252,21,older,5,4.92,12.239302688206067,9.872437477111816,9.680736541748047,0.19170093536376953,0.010838940014560872,0.06752483326436752,0.05668589324980665,0.02418270807074687,0.09603658065315766,0.07185387258241079,False,"['married', 'pregnant', 'divorced', 'rich', 'paid']","['married', 'pregnant', 'divorced', 'rich', 'paid']",none
373,10,65.0,27,by,2,6.66,1.0755304266739252,22,is,2,7.07,2.4196084644731517,1.0561819076538086,0.7352554798126221,0.3209264278411865,0.05235522891791677,0.21165760576851939,0.15930237685060264,0.36799751331227,0.36807539279139484,7.787947912480016e-05,False,"['is', 'was', 'were', 'are', ',']","['is', 'was', 'were', 'are', ',']",none
374,10,65.0,27,by,2,6.66,1.0755304266739252,23,a,1,7.36,2.6160512039308883,0.0069759441539645195,0.008848500438034534,-0.001872556284070015,0.0005396073878269098,0.002664855387407034,0.002125247999580124,0.07062050693062759,0.07065430864916203,3.380171853442822e-05,False,"['a', 'the', 'another', 'some', 'an']","['a', 'the', 'another', 'some', 'an']",none
375,10,65.0,27,by,2,6.66,1.0755304266739252,24,lifestyle,9,4.29,11.693408686018646,10.575165748596191,10.069616317749023,0.505549430847168,0.051769096712598626,0.1811769320261125,0.1294078353135139,-0.4401017484742545,0.0001759924696445034,0.4402777409438989,False,"['natural', 'moral', 'conscious', 'deliberate', 'bad']","['natural', 'moral', 'conscious', 'bad', 'personal']",none
376,10,65.0,27,by,2,6.66,1.0755304266739252,25,choice,6,5.08,0.9964249582791739,8.490086555480957,3.7111682891845703,4.778918266296387,1.5901658852891087,1.9455387684424927,0.3553728831533845,-1.2996797934628892,0.00044239422558715907,1.3001221876884768,False,"['decision', 'choice', 'being', 'deliberately', 'custom']","['being', ',', 'now', 'deliberately', 'usually']",none
377,10,65.0,27,by,2,6.66,1.0755304266739252,26,made,4,5.92,7.5237024834755815,9.453553199768066,0.41864317655563354,9.034910023212433,8.370082490100666,8.375937252198764,0.005854762098098415,-12.96449326712337,0.00013150584991596196,12.964624772973286,False,"['made', 'taken', 'preferred', 'used', 'chosen']","['for', 'of', 'to', 'by', 'among']",none
378,10,65.0,28,lazy,4,4.24,11.514152883887773,0,what,4,6.38,0.0,0.0005777194164693356,0.0005780634819529951,-3.4406548365950584e-07,7.28022088920709e-07,1.535885931051184e-05,1.4630837221591129e-05,-0.11979295336073546,0.0023713953265627643,0.12216434868729822,False,"['what', 'whatever', 'that', 'which', 'something']","['what', 'whatever', 'which', 'that', 'something']",none
379,10,65.0,28,lazy,4,4.24,11.514152883887773,1,is,2,7.07,5.067392613495786,0.012943344190716743,0.01257472112774849,0.0003686230629682541,2.9172025303574528e-05,0.0005816233698319292,0.0005524513445283545,-0.19136517586278845,1.4221650044159502e-05,0.19137939751283262,False,"['is', 'seems', 'gets', 'becomes', 'feels']","['is', 'seems', 'gets', 'becomes', 'feels']",none
380,10,65.0,28,lazy,4,4.24,11.514152883887773,2,so,2,6.52,7.045905151849227,4.778407573699951,4.940732002258301,-0.1623244285583496,0.00267037138540921,0.03209120723600152,0.029420835850592308,-0.11981437442088849,0.0027995101279758372,0.12261388454886434,False,"['most', 'particularly', 'especially', 'really', 'more']","['most', 'particularly', 'especially', 'really', 'more']",none
381,10,65.0,28,lazy,4,4.24,11.514152883887773,3,unpleasant,10,3.8,10.97457889163446,11.057038307189941,10.869739532470703,0.18729877471923828,0.006668563181212051,0.061846337562963524,0.05517777438175147,-0.04433673715061714,0.010090263224584492,0.05442700037520164,False,"['striking', 'interesting', 'remarkable', 'special', 'strange']","['striking', 'interesting', 'special', 'strange', 'remarkable']",none
382,10,65.0,28,lazy,4,4.24,11.514152883887773,4,about,5,6.4,1.028931793952807,0.0911765992641449,0.0851161852478981,0.006060414016246796,0.0003117690820054782,0.005730818899089293,0.005419049817083815,-0.14970730437412566,0.0004490344229812082,0.15015633879710685,False,"['about', 'in', 'with', 'of', ',']","['about', 'in', 'with', 'of', ',']",none
383,10,65.0,28,lazy,4,4.24,11.514152883887773,5,all,3,6.52,7.316653024644298,0.2955675423145294,0.2958838939666748,-0.00031635165214538574,0.009229958030243613,0.03626701873270886,0.02703706070246525,-0.16055982150295098,0.00843266004015212,0.16899248154310312,False,"['all', 'doing', 'being', 'having', '...']","['all', 'doing', 'being', 'having', '...']",none
384,10,65.0,28,lazy,4,4.24,11.514152883887773,6,this,4,6.82,1.068575617216416,0.09433994442224503,0.08315078914165497,0.011189155280590057,0.0030889874021447785,0.01364738395026828,0.010558396548123506,-0.21200384164308678,0.045825449318686984,0.2578292909617737,False,"['this', 'that', 'these', 'women', 'life']","['this', 'that', 'these', 'women', 'life']",none
385,10,65.0,28,lazy,4,4.24,11.514152883887773,7,is,2,7.07,8.204936360025501,0.06429251283407211,0.05299006402492523,0.011302448809146881,0.0011920208331406932,0.010901670106102233,0.009709649272961541,-0.32928993287746916,3.345384480527876e-07,0.3292902674159172,False,"['is', '?', ',', '-', ':']","['is', '?', ',', ':', '-']",none
386,10,65.0,28,lazy,4,4.24,11.514152883887773,8,the,3,7.73,4.032598697154909,0.0749407485127449,0.07130949944257736,0.0036312490701675415,0.00018629797711808448,0.004277928084808891,0.0040916301076908065,-0.12964322711344817,0.001703166599705395,0.13134639371315351,False,"['the', 'an', 'this', 'its', 'that']","['the', 'an', 'this', 'its', 'that']",none
387,10,65.0,28,lazy,4,4.24,11.514152883887773,9,atmosphere,10,4.46,11.08973085456479,6.309935092926025,6.211467742919922,0.09846735000610352,0.006620075555096163,0.06150238752179123,0.05488231196669507,-0.1374202209752034,0.0011668242932195412,0.13858704526842294,False,"['sense', 'form', 'amount', 'kind', 'level']","['sense', 'form', 'amount', 'kind', 'level']",none
388,10,65.0,28,lazy,4,4.24,11.514152883887773,10,of,2,7.4,2.3370083392645147,0.023179730400443077,0.023000340908765793,0.00017938949167728424,0.0004334795997495219,0.002271749413778335,0.0018382698140288131,0.03214791574749464,0.04817693530319868,0.01602901955570404,False,"['of', 'and', 'for', 'or', 'to']","['of', 'and', 'for', 'or', 'to']",none
389,10,65.0,28,lazy,4,4.24,11.514152883887773,11,blame,5,4.63,13.487923749814938,15.5009765625,14.660164833068848,0.8408117294311523,0.1780528697502961,0.37372823439449054,0.19567536464419438,-0.23036627279847793,0.029041547497525678,0.25940782029600357,False,"['life', 'society', 'poverty', 'isolation', 'boredom']","['life', 'society', 'isolation', 'love', 'silence']",none
390,10,65.0,28,lazy,4,4.24,11.514152883887773,12,in,2,7.27,6.7205832524032445,0.14870408177375793,0.15021075308322906,-0.0015066713094711304,9.654119518849652e-05,0.0026505765356639194,0.002554035340475422,-0.046698572302244466,0.005117481028275758,0.05181605333052024,False,"['in', 'under', 'within', 'with', 'through']","['in', 'under', 'within', 'with', 'through']",none
391,10,65.0,28,lazy,4,4.24,11.514152883887773,13,which,5,6.3,4.315448687889257,0.0767461508512497,0.06034286320209503,0.016403287649154663,0.0019007685279200802,0.015732124974051048,0.013831356446130962,-0.2982595330446578,7.357215451277414e-05,0.29833310519917056,False,"['which', 'that', 'how', 'it', 'where']","['which', 'that', 'how', 'it', 'where']",none
392,10,65.0,28,lazy,4,4.24,11.514152883887773,14,it,2,6.95,3.0013969172287944,1.7820833921432495,1.8348495960235596,-0.05276620388031006,0.046214044720634326,0.14982656385747067,0.10361251913683636,-0.01493951488522458,0.060581875092757434,0.07552138997798202,False,"['it', 'blame', 'life', 'suicide', 'everything']","['it', 'suicide', 'blame', 'life', 'everything']",none
393,10,65.0,28,lazy,4,4.24,11.514152883887773,15,is,2,7.07,1.3081637437765874,0.03165522962808609,0.03147250413894653,0.00018272548913955688,1.4615429113701932e-05,0.00042769431323898087,0.0004130788841252788,-0.05525240480537001,0.008335673055877646,0.06358807786124766,False,"['is', 'was', 'are', 'gets', 'seems']","['is', 'was', 'are', 'gets', 'were']",none
394,10,65.0,28,lazy,4,4.24,11.514152883887773,16,carried,7,4.77,7.017450162554626,3.1306002140045166,3.216402292251587,-0.08580207824707031,0.007320208714227249,0.06388176055504814,0.05656155184082091,-0.21083262529520885,0.006374848748187401,0.21720747404339627,False,"['played', 'carried', 'pointed', 'worked', 'spoken']","['played', 'carried', 'pointed', 'worked', 'spoken']",none
395,10,65.0,28,lazy,4,4.24,11.514152883887773,17,out,3,6.38,2.0668413752752377,0.3335168957710266,0.4027016758918762,-0.06918478012084961,0.008032830379573386,0.06160612753018208,0.05357329715060871,0.20793016599258002,0.2090669457360914,0.001136779743511313,False,"['out', ',', 'on', 'around', 'about']","['out', ',', 'around', 'on', 'about']",none
396,10,65.0,28,lazy,4,4.24,11.514152883887773,18,as,2,6.77,9.546518476208595,1.0794979333877563,1.1229207515716553,-0.043422818183898926,0.0034824683115618534,0.03912425327429748,0.03564178496273564,-0.1282773148403997,0.005893979301663514,0.13417129414206322,False,"['as', ',', '.', 'even', '-']","['as', ',', 'even', '.', '-']",none
397,10,65.0,28,lazy,4,4.24,11.514152883887773,19,though,6,5.5,4.719221302099274,2.476125955581665,2.797722339630127,-0.3215963840484619,0.019425894617971784,0.0960483499761082,0.07662245535813642,-0.6875958229801445,0.00021135429422818362,0.6878071772743729,False,"['if', 'though', 'although', 'when', 'the']","['if', 'though', 'although', 'the', 'well']",none
398,10,65.0,28,lazy,4,4.24,11.514152883887773,20,getting,7,5.57,15.245505538097532,1.0207273960113525,1.000486969947815,0.020240426063537598,0.0038871646398724088,0.0378981070760149,0.03401094243614249,0.14061051933976204,0.1862889478403325,0.04567842850057038,False,"['getting', 'growing', 'becoming', 'being', 'going']","['getting', 'growing', 'becoming', 'being', 'going']",none
399,10,65.0,28,lazy,4,4.24,11.514152883887773,21,older,5,4.92,12.239302688206067,9.57885456085205,9.680736541748047,-0.1018819808959961,0.11464154658539569,0.23241517250292962,0.11777362591753394,0.42648789750860666,0.4586808521045,0.03219295459589337,False,"['married', 'pregnant', 'divorced', 'rich', 'paid']","['married', 'pregnant', 'divorced', 'involved', 'rich']",none
400,10,65.0,28,lazy,4,4.24,11.514152883887773,22,is,2,7.07,2.4196084644731517,0.7232738137245178,0.7352554798126221,-0.011981666088104248,0.0007729053012057001,0.010698673879005862,0.009925768577800163,0.05300016983108787,0.07570708181485385,0.022706911983765968,False,"['is', 'was', 'were', 'are', ',']","['is', 'was', 'were', 'are', ',']",none
401,10,65.0,28,lazy,4,4.24,11.514152883887773,23,a,1,7.36,2.6160512039308883,0.009053048677742481,0.008848500438034534,0.00020454823970794678,7.268420896193007e-05,0.0005921925258814927,0.0005195083169195624,-0.05320229322558185,0.04640504436211054,0.0996073375876924,False,"['a', 'the', 'another', 'some', 'an']","['a', 'the', 'another', 'an', 'some']",none
402,10,65.0,28,lazy,4,4.24,11.514152883887773,24,lifestyle,9,4.29,11.693408686018646,10.74423599243164,10.069616317749023,0.6746196746826172,0.09595384555937327,0.268559099682507,0.17260525412313368,0.005810358425948977,0.0817817485601556,0.0759713901342066,False,"['natural', 'moral', 'conscious', 'deliberate', 'bad']","['natural', 'conscious', 'moral', 'personal', 'rational']",none
403,10,65.0,28,lazy,4,4.24,11.514152883887773,25,choice,6,5.08,0.9964249582791739,2.7450785636901855,3.7111682891845703,-0.9660897254943848,0.4460936020084835,0.751594756920567,0.3055011549120834,0.6489252192507565,0.6683325223281416,0.019407303077385165,False,"['decision', 'choice', 'being', 'deliberately', 'custom']","['decision', 'choice', 'custom', 'deliberately', 'being']",none
404,10,65.0,28,lazy,4,4.24,11.514152883887773,26,made,4,5.92,7.5237024834755815,0.5178966522216797,0.41864317655563354,0.09925347566604614,0.042645559604971336,0.12330135183294084,0.08065579222796956,-0.40798542950631694,0.024697650186643494,0.43268307969296044,False,"['made', 'taken', 'preferred', 'used', 'chosen']","['made', 'taken', 'chosen', 'preferred', 'adopted']",none
405,10,65.0,28,lazy,4,4.24,11.514152883887773,27,by,2,6.66,1.0755304266739252,0.5083822011947632,0.5305108428001404,-0.022128641605377197,0.06577696051186031,0.0847840484271364,0.019007087915276062,-2.7340098101193773,0.0009220123012430685,2.7349318224206205,False,"['by', 'for', 'to', 'of', 'from']","['by', 'for', 'only', 'exclusively', 'solely']",none
406,10,65.0,29,women,5,5.57,7.790036689038194,0,what,4,6.38,0.0,0.0006209049606695771,0.0005780634819529951,4.284147871658206e-05,2.01320305402754e-06,4.479469035146839e-05,4.278148729744085e-05,-0.2719651137833012,2.1357988615026183e-05,0.2719864717719162,False,"['what', 'whatever', 'that', 'which', 'something']","['what', 'whatever', 'which', 'that', 'something']",none
407,10,65.0,29,women,5,5.57,7.790036689038194,1,is,2,7.07,5.067392613495786,0.01241980493068695,0.01257472112774849,-0.0001549161970615387,9.933581169226226e-06,0.00029731932402165477,0.0002873857428524286,-0.19768591400047317,7.594804145177925e-06,0.1976935088046184,False,"['is', 'seems', 'gets', 'becomes', 'feels']","['is', 'seems', 'gets', 'becomes', 'feels']",none
408,10,65.0,29,women,5,5.57,7.790036689038194,2,so,2,6.52,7.045905151849227,4.872857570648193,4.940732002258301,-0.06787443161010742,0.003606801239053595,0.04525486672015923,0.041648065481105605,-0.12644367423702332,0.001916601063453557,0.1283602753004769,False,"['most', 'particularly', 'especially', 'really', 'more']","['most', 'particularly', 'especially', 'really', 'more']",none
409,10,65.0,29,women,5,5.57,7.790036689038194,3,unpleasant,10,3.8,10.97457889163446,10.671675682067871,10.869739532470703,-0.19806385040283203,0.012349036299432584,0.08282266754664212,0.07047363124720955,-0.09566332390188881,0.012067763193341612,0.10773108709523044,False,"['striking', 'interesting', 'remarkable', 'special', 'strange']","['striking', 'interesting', 'remarkable', 'special', 'strange']",none
410,10,65.0,29,women,5,5.57,7.790036689038194,4,about,5,6.4,1.028931793952807,0.10191106796264648,0.0851161852478981,0.016794882714748383,0.002025482203690678,0.01588328501713948,0.0138578028134488,-0.417693412286119,6.626570813327663e-07,0.4176940749432003,False,"['about', 'in', 'with', 'of', ',']","['about', 'in', 'with', 'of', '?']",none
411,10,65.0,29,women,5,5.57,7.790036689038194,5,all,3,6.52,7.316653024644298,0.3131311535835266,0.2958838939666748,0.017247259616851807,0.007682779341143414,0.031032445576671362,0.023349666235527946,-0.37340411923351713,0.06397832127437829,0.4373824405078955,False,"['all', 'doing', 'being', 'having', '...']","['all', 'doing', 'being', '...', 'having']",none
412,10,65.0,29,women,5,5.57,7.790036689038194,6,this,4,6.82,1.068575617216416,0.11212706565856934,0.08315078914165497,0.028976276516914368,0.011571456137158606,0.03302288430489007,0.021451428167731466,-1.4672601577610591,0.025235848244496362,1.4924960060055559,False,"['this', 'that', 'these', 'women', 'life']","['this', 'that', 'these', 'life', 'age']",none
413,10,65.0,29,women,5,5.57,7.790036689038194,7,is,2,7.07,8.204936360025501,0.09589021652936935,0.05299006402492523,0.04290015250444412,0.012434314607264872,0.04135302062796331,0.02891870602069844,-0.7203303176662816,8.89585010236337e-07,0.7203312072512918,False,"['is', '?', ',', '-', ':']","['is', '?', ',', ':', '-']",none
414,10,65.0,29,women,5,5.57,7.790036689038194,8,the,3,7.73,4.032598697154909,0.10802935063838959,0.07130949944257736,0.036719851195812225,0.007131119092243637,0.0350011182484521,0.027869999156208462,-0.4988604251977703,0.003528867593830982,0.5023892927916014,False,"['the', 'an', 'this', 'its', 'that']","['the', 'an', 'this', 'its', 'that']",none
415,10,65.0,29,women,5,5.57,7.790036689038194,9,atmosphere,10,4.46,11.08973085456479,6.499000072479248,6.211467742919922,0.28753232955932617,0.02094668121321741,0.10092181101460637,0.07997512980138897,-0.19191178937170167,0.012306919762930257,0.2042187091346319,False,"['sense', 'form', 'amount', 'kind', 'level']","['sense', 'form', 'kind', 'amount', 'level']",none
416,10,65.0,29,women,5,5.57,7.790036689038194,10,of,2,7.4,2.3370083392645147,0.023931168019771576,0.023000340908765793,0.0009308271110057831,0.0001424939317122465,0.0013498180649405159,0.0012073241332282696,-0.4132526870865459,0.03164031099341103,0.4448929980799569,False,"['of', 'and', 'for', 'or', 'to']","['of', 'and', 'for', 'or', 'to']",none
417,10,65.0,29,women,5,5.57,7.790036689038194,11,blame,5,4.63,13.487923749814938,14.057694435119629,14.660164833068848,-0.6024703979492188,0.224689547102742,0.44312153122589876,0.21843198412315679,-0.40771821184617607,0.09198455048257846,0.4997027623287543,False,"['life', 'society', 'poverty', 'isolation', 'boredom']","['life', 'youth', 'decay', 'death', 'society']",none
418,10,65.0,29,women,5,5.57,7.790036689038194,12,in,2,7.27,6.7205832524032445,0.16518650949001312,0.15021075308322906,0.014975756406784058,0.001017026046384083,0.0135773941716288,0.012560368125244718,-0.3704158273895948,8.044681733884147e-07,0.37041663185776813,False,"['in', 'under', 'within', 'with', 'through']","['in', 'under', 'within', 'with', 'through']",none
419,10,65.0,29,women,5,5.57,7.790036689038194,13,which,5,6.3,4.315448687889257,0.051609866321086884,0.06034286320209503,-0.008732996881008148,0.0008311228814492657,0.009443881278274039,0.008612758396824773,-0.034115640747746014,0.041641165495851666,0.07575680624359768,False,"['which', 'that', 'how', 'it', 'where']","['which', 'that', 'how', 'where', 'it']",none
420,10,65.0,29,women,5,5.57,7.790036689038194,14,it,2,6.95,3.0013969172287944,1.9399943351745605,1.8348495960235596,0.10514473915100098,0.12700136005893628,0.2772993068975769,0.15029794683864064,-0.6721395038061166,0.06337198543698745,0.735511489243104,False,"['it', 'blame', 'life', 'suicide', 'everything']","['it', 'life', 'blame', 'everything', 'this']",none
421,10,65.0,29,women,5,5.57,7.790036689038194,15,is,2,7.07,1.3081637437765874,0.03908774256706238,0.03147250413894653,0.007615238428115845,0.0008109722210627341,0.007450916413347255,0.006639944192284521,-0.5643292090071944,2.141880426506865e-07,0.564329423195237,False,"['is', 'was', 'are', 'gets', 'seems']","['is', 'was', 'are', 'gets', 'were']",none
422,10,65.0,29,women,5,5.57,7.790036689038194,16,carried,7,4.77,7.017450162554626,3.189350128173828,3.216402292251587,-0.02705216407775879,0.026758274914530474,0.12574932736653863,0.0989910524520082,-0.29550520917403905,0.011313570017248175,0.3068187791912872,False,"['played', 'carried', 'pointed', 'worked', 'spoken']","['played', 'carried', 'pointed', 'worked', 'spoken']",none
423,10,65.0,29,women,5,5.57,7.790036689038194,17,out,3,6.38,2.0668413752752377,0.4276456832885742,0.4027016758918762,0.024944007396697998,0.0051359071243661115,0.03228784372293343,0.027151936598567315,-0.3052679467422376,0.01678636375044605,0.32205431049268374,False,"['out', ',', 'on', 'around', 'about']","['out', ',', 'on', 'around', 'off']",none
424,10,65.0,29,women,5,5.57,7.790036689038194,18,as,2,6.77,9.546518476208595,1.3447473049163818,1.1229207515716553,0.22182655334472656,0.016893221218244384,0.10887419740279564,0.09198097618455123,-0.00019395363987917587,0.04545137123243269,0.04564532487231186,False,"['as', ',', '.', 'even', '-']","[',', 'as', '.', 'even', '-']",none
425,10,65.0,29,women,5,5.57,7.790036689038194,19,though,6,5.5,4.719221302099274,2.944305419921875,2.797722339630127,0.14658308029174805,0.013970447801047468,0.04023307279622229,0.02626262499517482,-1.337702531994848,0.03843533622476627,1.3761378682196141,False,"['if', 'though', 'although', 'when', 'the']","['if', 'though', 'the', 'well', 'although']",none
426,10,65.0,29,women,5,5.57,7.790036689038194,20,getting,7,5.57,15.245505538097532,1.0689351558685303,1.000486969947815,0.06844818592071533,0.014559340277006035,0.08574604151399907,0.07118670123699306,-0.2757715000873211,0.10506473824599426,0.3808362383333154,False,"['getting', 'growing', 'becoming', 'being', 'going']","['getting', 'growing', 'becoming', 'being', 'going']",none
427,10,65.0,29,women,5,5.57,7.790036689038194,21,older,5,4.92,12.239302688206067,7.844254016876221,9.680736541748047,-1.8364825248718262,0.6399373784203729,0.9464850184555651,0.30654764003519214,-2.2460015375605007,0.020707788078986017,2.266709325639487,False,"['married', 'pregnant', 'divorced', 'rich', 'paid']","['married', 'killed', 'sick', 'rich', 'paid']",none
428,10,65.0,29,women,5,5.57,7.790036689038194,22,is,2,7.07,2.4196084644731517,0.7584314942359924,0.7352554798126221,0.02317601442337036,0.023438619317122187,0.04898449110633413,0.025545871789211937,-0.6652025169954415,4.307467485423645e-05,0.6652455916702956,False,"['is', 'was', 'were', 'are', ',']","['is', 'was', 'were', ',', 'are']",none
429,10,65.0,29,women,5,5.57,7.790036689038194,23,a,1,7.36,2.6160512039308883,0.013860320672392845,0.008848500438034534,0.005011820234358311,0.0013571020692255125,0.005189189095037856,0.0038320870258123437,-1.1180087730979777,0.008546494903505618,1.1265552680014834,False,"['a', 'the', 'another', 'some', 'an']","['a', 'the', 'another', 'some', 'an']",none
430,10,65.0,29,women,5,5.57,7.790036689038194,24,lifestyle,9,4.29,11.693408686018646,12.009793281555176,10.069616317749023,1.9401769638061523,0.16449211953039722,0.3652269294621339,0.20073480993173673,0.131929069708051,0.2952970710080565,0.16336800130000553,False,"['natural', 'moral', 'conscious', 'deliberate', 'bad']","['moral', 'natural', 'conscious', 'deliberate', 'rational']",none
431,10,65.0,29,women,5,5.57,7.790036689038194,25,choice,6,5.08,0.9964249582791739,4.756396770477295,3.7111682891845703,1.0452284812927246,0.41276696011259933,0.6660894089028375,0.25332244879023824,-0.21670017375013878,0.11798420545327795,0.33468437920341676,False,"['decision', 'choice', 'being', 'deliberately', 'custom']","['decision', ',', 'being', 'choice', 'simply']",none
432,10,65.0,29,women,5,5.57,7.790036689038194,26,made,4,5.92,7.5237024834755815,1.9609522819519043,0.41864317655563354,1.5423091053962708,1.627085503359173,1.7444108119772,0.11732530861802623,-0.8908868606553528,0.05668022821847192,0.9475670888738247,False,"['made', 'taken', 'preferred', 'used', 'chosen']","['made', 'driven', 'motivated', 'caused', 'dictated']",none
433,10,65.0,29,women,5,5.57,7.790036689038194,27,by,2,6.66,1.0755304266739252,0.23626071214675903,0.5305108428001404,-0.29425013065338135,0.5669070117738609,0.7957329603442578,0.22882594857039681,-3.1226676195970513,0.00031052630489947545,3.12297814590195,False,"['by', 'for', 'to', 'of', 'from']","['by', 'for', 'from', 'of', 'through']",none
434,10,65.0,29,women,5,5.57,7.790036689038194,28,lazy,4,4.24,11.514152883887773,14.941608428955078,12.77642822265625,2.165180206298828,2.8503555300713423,2.92217218213408,0.07181665206273755,-11.528833810398089,0.005490246922691126,11.534324057320777,False,"['the', 'older', 'other', 'all', 'young']","['the', 'people', 'a', 'someone', 'individuals']",none
435,10,65.0,30,rather,6,5.32,7.586584865016182,0,what,4,6.38,0.0,0.0006169476546347141,0.0005780634819529951,3.8884172681719065e-05,5.2166677783459615e-06,5.5033634989881273e-05,4.9816967211535295e-05,-0.19025066236485488,1.4359750873423617e-07,0.19025080596236357,False,"['what', 'whatever', 'that', 'which', 'something']","['what', 'whatever', 'which', 'that', 'something']",none
436,10,65.0,30,rather,6,5.32,7.586584865016182,1,is,2,7.07,5.067392613495786,0.012933625839650631,0.01257472112774849,0.00035890471190214157,3.830574888548512e-05,0.0005663146497189501,0.0005280089008334651,-0.16667441356282198,5.588394414639122e-07,0.16667497240226348,False,"['is', 'seems', 'gets', 'becomes', 'feels']","['is', 'seems', 'gets', 'becomes', 'feels']",none
437,10,65.0,30,rather,6,5.32,7.586584865016182,2,so,2,6.52,7.045905151849227,4.639764785766602,4.940732002258301,-0.3009672164916992,0.009741054474570394,0.07879643398622092,0.06905537951165054,-0.060661371251152486,3.5908663471594038e-06,0.060664962117499645,False,"['most', 'particularly', 'especially', 'really', 'more']","['most', 'particularly', 'especially', 'really', 'more']",none
438,10,65.0,30,rather,6,5.32,7.586584865016182,3,unpleasant,10,3.8,10.97457889163446,10.587417602539062,10.869739532470703,-0.2823219299316406,0.009357757150429677,0.07230447866067867,0.06294672151024898,-0.16213110967130492,8.755329085005343e-05,0.16221866296215495,False,"['striking', 'interesting', 'remarkable', 'special', 'strange']","['striking', 'interesting', 'strange', 'special', 'remarkable']",none
439,10,65.0,30,rather,6,5.32,7.586584865016182,4,about,5,6.4,1.028931793952807,0.09833014756441116,0.0851161852478981,0.013213962316513062,0.0011112409303921753,0.01245695237727387,0.011345711446881693,-0.4171087019298929,1.4646011121915276e-10,0.4171087020763531,False,"['about', 'in', 'with', 'of', ',']","['about', 'in', 'with', 'of', ',']",none
440,10,65.0,30,rather,6,5.32,7.586584865016182,5,all,3,6.52,7.316653024644298,0.2776533365249634,0.2958838939666748,-0.018230557441711426,0.006652277485079969,0.03769552818714632,0.03104325070206635,-0.0021328296611383734,0.0003426866240023973,0.0024755162851407718,False,"['all', 'doing', 'being', 'having', '...']","['all', 'doing', 'being', 'having', '...']",none
441,10,65.0,30,rather,6,5.32,7.586584865016182,6,this,4,6.82,1.068575617216416,0.08023329824209213,0.08315078914165497,-0.0029174908995628357,0.0013645617899894907,0.008265957337151863,0.00690139554716237,0.08749583428981622,0.08749701463390672,1.180344090489238e-06,False,"['this', 'that', 'these', 'women', 'life']","['this', 'that', 'these', 'life', 'women']",none
442,10,65.0,30,rather,6,5.32,7.586584865016182,7,is,2,7.07,8.204936360025501,0.07992905378341675,0.05299006402492523,0.026938989758491516,0.005769499363863828,0.025970692529213683,0.020201193165349865,-0.59094417852498,1.5843865949614149e-09,0.5909441801093666,False,"['is', '?', ',', '-', ':']","['is', '?', ',', '-', ':']",none
443,10,65.0,30,rather,6,5.32,7.586584865016182,8,the,3,7.73,4.032598697154909,0.07584026455879211,0.07130949944257736,0.004530765116214752,0.00023704735240023895,0.004605799165764961,0.004368751813364721,-0.22052160442899535,4.40024193896461e-08,0.2205216484314148,False,"['the', 'an', 'this', 'its', 'that']","['the', 'an', 'this', 'its', 'that']",none
444,10,65.0,30,rather,6,5.32,7.586584865016182,9,atmosphere,10,4.46,11.08973085456479,6.28214693069458,6.211467742919922,0.0706791877746582,0.009137445652794514,0.07350565772333098,0.06436821207053646,0.0868376633606852,0.08685832649903856,2.0663138353393505e-05,False,"['sense', 'form', 'amount', 'kind', 'level']","['sense', 'form', 'kind', 'amount', 'level']",none
445,10,65.0,30,rather,6,5.32,7.586584865016182,10,of,2,7.4,2.3370083392645147,0.023978468030691147,0.023000340908765793,0.000978127121925354,9.469066489207398e-05,0.0014707081145256882,0.0013760174496336146,-0.13519150075724054,2.1440563726212552e-07,0.1351917151628778,False,"['of', 'and', 'for', 'or', 'to']","['of', 'and', 'for', 'or', 'to']",none
446,10,65.0,30,rather,6,5.32,7.586584865016182,11,blame,5,4.63,13.487923749814938,14.466739654541016,14.660164833068848,-0.19342517852783203,0.020694554125759046,0.10813778966301973,0.08744323553726067,0.05006689510362253,0.05009337555640183,2.6480452779301303e-05,False,"['life', 'society', 'poverty', 'isolation', 'boredom']","['life', 'poverty', 'society', 'isolation', 'boredom']",none
447,10,65.0,30,rather,6,5.32,7.586584865016182,12,in,2,7.27,6.7205832524032445,0.15980544686317444,0.15021075308322906,0.009594693779945374,0.0012354686661080363,0.013495435522956317,0.012259966856848279,-0.14571897912133608,6.341836732747535e-09,0.14571898546317283,False,"['in', 'under', 'within', 'with', 'through']","['in', 'under', 'within', 'with', 'through']",none
448,10,65.0,30,rather,6,5.32,7.586584865016182,13,which,5,6.3,4.315448687889257,0.05610296130180359,0.06034286320209503,-0.004239901900291443,0.0007099850774909723,0.006893325494492718,0.006183340417001748,0.07935536821958425,0.0794113428886457,5.59746690614946e-05,False,"['which', 'that', 'how', 'it', 'where']","['which', 'that', 'how', 'it', 'where']",none
449,10,65.0,30,rather,6,5.32,7.586584865016182,14,it,2,6.95,3.0013969172287944,1.7011516094207764,1.8348495960235596,-0.1336979866027832,0.02223445470597858,0.11931589110645886,0.09708143640048028,0.13366803027231358,0.1336845458171099,1.6515544796333074e-05,False,"['it', 'blame', 'life', 'suicide', 'everything']","['it', 'blame', 'everything', 'this', 'life']",none
450,10,65.0,30,rather,6,5.32,7.586584865016182,15,is,2,7.07,1.3081637437765874,0.03379804268479347,0.03147250413894653,0.002325538545846939,0.00011541784386449977,0.0022753998369674008,0.002159981993102901,-0.2617282315754419,6.781906910354094e-08,0.2617282993945109,False,"['is', 'was', 'are', 'gets', 'seems']","['is', 'was', 'are', 'gets', 'seems']",none
451,10,65.0,30,rather,6,5.32,7.586584865016182,16,carried,7,4.77,7.017450162554626,3.2996504306793213,3.216402292251587,0.08324813842773438,0.01258418549439163,0.07410860409759623,0.06152441860320459,-0.33674237590757056,6.491248036119004e-09,0.3367423823988186,False,"['played', 'carried', 'pointed', 'worked', 'spoken']","['played', 'carried', 'pointed', 'worked', 'spoken']",none
452,10,65.0,30,rather,6,5.32,7.586584865016182,17,out,3,6.38,2.0668413752752377,0.462817519903183,0.4027016758918762,0.06011584401130676,0.004088260124951351,0.04551753689854172,0.04142927677359036,-0.39908390058547427,3.0579783235559175e-08,0.3990839311652576,False,"['out', ',', 'on', 'around', 'about']","['out', ',', 'around', 'on', 'about']",none
453,10,65.0,30,rather,6,5.32,7.586584865016182,18,as,2,6.77,9.546518476208595,1.0798686742782593,1.1229207515716553,-0.043052077293395996,0.02477174334007809,0.09639083708914384,0.07161909374906578,0.42508582151812424,0.42509209371263784,6.2721945136196204e-06,False,"['as', ',', '.', 'even', '-']","['as', ',', '.', 'even', '-']",none
454,10,65.0,30,rather,6,5.32,7.586584865016182,19,though,6,5.5,4.719221302099274,3.0274996757507324,2.797722339630127,0.22977733612060547,0.010923155881347998,0.034768309439739666,0.023845153558391657,0.3845438200047238,0.38470556040888776,0.00016174040416394152,False,"['if', 'though', 'although', 'when', 'the']","['if', 'though', 'well', '.', 'the']",none
455,10,65.0,30,rather,6,5.32,7.586584865016182,20,getting,7,5.57,15.245505538097532,0.941603422164917,1.000486969947815,-0.05888354778289795,0.0051325287448657185,0.04665022865266513,0.04151769990779941,-0.4997026165348809,2.129669008938748e-07,0.4997028295017817,False,"['getting', 'growing', 'becoming', 'being', 'going']","['getting', 'growing', 'becoming', 'being', 'living']",none
456,10,65.0,30,rather,6,5.32,7.586584865016182,21,older,5,4.92,12.239302688206067,9.993102073669434,9.680736541748047,0.3123655319213867,0.004854951738391954,0.04170943077341653,0.03685447903502456,0.014242144487194679,0.014244894900604715,2.7504134100357487e-06,False,"['married', 'pregnant', 'divorced', 'rich', 'paid']","['married', 'pregnant', 'divorced', 'rich', 'paid']",none
457,10,65.0,30,rather,6,5.32,7.586584865016182,22,is,2,7.07,2.4196084644731517,0.897659957408905,0.7352554798126221,0.16240447759628296,0.0202223737761603,0.10391441507364356,0.08369204129748324,-0.14581887729784482,1.7915798003212907e-07,0.14581905645582488,False,"['is', 'was', 'were', 'are', ',']","['is', 'was', 'were', ',', 'are']",none
458,10,65.0,30,rather,6,5.32,7.586584865016182,23,a,1,7.36,2.6160512039308883,0.012236805632710457,0.008848500438034534,0.0033883051946759224,0.0006600955028652678,0.0034823428561527865,0.002822247353287518,0.18070648818998342,0.1808063051846101,9.981699462661593e-05,False,"['a', 'the', 'another', 'some', 'an']","['a', 'the', 'another', 'some', 'an']",none
459,10,65.0,30,rather,6,5.32,7.586584865016182,24,lifestyle,9,4.29,11.693408686018646,10.069869995117188,10.069616317749023,0.0002536773681640625,0.15395133303156044,0.3789788632904565,0.2250275302588961,-0.22322599134682777,0.0006182387588794569,0.22384423010570728,False,"['natural', 'moral', 'conscious', 'deliberate', 'bad']","['natural', 'bad', 'conscious', 'moral', 'deliberate']",none
460,10,65.0,30,rather,6,5.32,7.586584865016182,25,choice,6,5.08,0.9964249582791739,4.668088912963867,3.7111682891845703,0.9569206237792969,0.18277934229263942,0.4030116531641875,0.22023231087154801,-0.038052277502028005,0.0005715345136823756,0.038623812015710385,False,"['decision', 'choice', 'being', 'deliberately', 'custom']","['being', 'decision', 'deliberately', 'custom', ',']",none
461,10,65.0,30,rather,6,5.32,7.586584865016182,26,made,4,5.92,7.5237024834755815,0.4642062485218048,0.41864317655563354,0.045563071966171265,0.018668121618485318,0.06902847503957042,0.05036035342108511,-1.6886533552950242,2.230741132657186e-07,1.6886535783691379,False,"['made', 'taken', 'preferred', 'used', 'chosen']","['made', 'preferred', 'taken', 'used', 'chosen']",none
462,10,65.0,30,rather,6,5.32,7.586584865016182,27,by,2,6.66,1.0755304266739252,0.46855950355529785,0.5305108428001404,-0.06195133924484253,0.007742657638446047,0.06005881353524522,0.052316155896799166,-0.5291175905069929,1.0123419894760795e-05,0.5291277139268878,False,"['by', 'for', 'to', 'of', 'from']","['by', 'for', 'to', 'of', 'from']",none
463,10,65.0,30,rather,6,5.32,7.586584865016182,28,lazy,4,4.24,11.514152883887773,13.334092140197754,12.77642822265625,0.5576639175415039,0.1009359000459318,0.2739347052633733,0.17299880521744154,0.13120353380834535,0.13121911011838672,1.557631004137494e-05,False,"['the', 'older', 'other', 'all', 'young']","['the', 'older', 'some', 'many', 'all']",none
464,10,65.0,30,rather,6,5.32,7.586584865016182,29,women,5,5.57,7.790036689038194,6.276053428649902,7.347779273986816,-1.071725845336914,0.10883147894663542,0.2226265350192596,0.1137950560726242,-10.629372517253113,3.145073659119976e-05,10.629403967989706,False,"['people', 'individuals', 'adults', 'men', 'citizens']","['people', 'individuals', 'men', 'adults', 'humans']",none
465,10,65.0,31,than,4,6.13,0.008025753038310837,0,what,4,6.38,0.0,0.0006026671035215259,0.0005780634819529951,2.4603621568530798e-05,1.8949449437538427e-06,3.3608941811639094e-05,3.171399686788526e-05,-0.3318518204202654,6.414637955910243e-06,0.3318582350582213,False,"['what', 'whatever', 'that', 'which', 'something']","['what', 'whatever', 'which', 'that', 'something']",none
466,10,65.0,31,than,4,6.13,0.008025753038310837,1,is,2,7.07,5.067392613495786,0.011943276040256023,0.01257472112774849,-0.000631445087492466,5.480314697048473e-05,0.0007626031719189812,0.0007078000249484964,0.1467638940460707,0.14683824880263938,7.435475656871896e-05,False,"['is', 'seems', 'gets', 'becomes', 'feels']","['is', 'seems', 'gets', 'becomes', 'feels']",none
467,10,65.0,31,than,4,6.13,0.008025753038310837,2,so,2,6.52,7.045905151849227,4.890321254730225,4.940732002258301,-0.05041074752807617,0.0014425513249547422,0.024042102453584402,0.02259955112862967,0.06842808664415485,0.06850045352802474,7.236688386990917e-05,False,"['most', 'particularly', 'especially', 'really', 'more']","['most', 'particularly', 'especially', 'really', 'more']",none
468,10,65.0,31,than,4,6.13,0.008025753038310837,3,unpleasant,10,3.8,10.97457889163446,10.940037727355957,10.869739532470703,0.0702981948852539,0.0038830043592378324,0.04069575735868282,0.03681275299944498,-0.09906816114878407,2.352768977354345e-06,0.09907051391776144,False,"['striking', 'interesting', 'remarkable', 'special', 'strange']","['striking', 'interesting', 'remarkable', 'special', 'strange']",none
469,10,65.0,31,than,4,6.13,0.008025753038310837,4,about,5,6.4,1.028931793952807,0.09696623682975769,0.0851161852478981,0.011850051581859589,0.001190952278118278,0.011330081822226983,0.010139129544108706,0.024649918053861762,0.02480204353789488,0.0001521254840331225,False,"['about', 'in', 'with', 'of', ',']","['about', 'in', 'with', 'of', ',']",none
470,10,65.0,31,than,4,6.13,0.008025753038310837,5,all,3,6.52,7.316653024644298,0.339644193649292,0.2958838939666748,0.04376029968261719,0.009174276407566385,0.04395351977316999,0.03477924336560359,-0.3043648344418393,4.0939195259331077e-07,0.3043652438337919,False,"['all', 'doing', 'being', 'having', '...']","['all', 'doing', 'being', '...', 'having']",none
471,10,65.0,31,than,4,6.13,0.008025753038310837,6,this,4,6.82,1.068575617216416,0.07685226202011108,0.08315078914165497,-0.006298527121543884,0.000904278677999946,0.00756848102975806,0.006664202351758115,0.08499147225982241,0.08500052406630275,9.051806480334143e-06,False,"['this', 'that', 'these', 'women', 'life']","['this', 'that', 'these', 'women', 'life']",none
472,10,65.0,31,than,4,6.13,0.008025753038310837,7,is,2,7.07,8.204936360025501,0.10111071914434433,0.05299006402492523,0.0481206551194191,0.015149935227681788,0.04660737905821207,0.031457443830530285,-1.113325215568852,2.712208768951461e-07,1.1133254867897289,False,"['is', '?', ',', '-', ':']","['is', '?', ',', '-', ':']",none
473,10,65.0,31,than,4,6.13,0.008025753038310837,8,the,3,7.73,4.032598697154909,0.07946041226387024,0.07130949944257736,0.008150912821292877,0.0004763157812874908,0.007769448019351885,0.007293132238064393,-0.23041552260649875,2.0333387782255337e-08,0.23041554293988653,False,"['the', 'an', 'this', 'its', 'that']","['the', 'an', 'this', 'its', 'that']",none
474,10,65.0,31,than,4,6.13,0.008025753038310837,9,atmosphere,10,4.46,11.08973085456479,6.163384437561035,6.211467742919922,-0.04808330535888672,0.0081827314252063,0.058099572072839695,0.049916840647633395,-0.16447300622849942,1.0757722291129256e-05,0.1644837639507906,False,"['sense', 'form', 'amount', 'kind', 'level']","['form', 'sense', 'amount', 'kind', 'level']",none
475,10,65.0,31,than,4,6.13,0.008025753038310837,10,of,2,7.4,2.3370083392645147,0.02461940236389637,0.023000340908765793,0.001619061455130577,0.00014502308380482564,0.002022012641998329,0.0018769895581935026,-0.36343379682281385,9.013805654596881e-07,0.36343469820337926,False,"['of', 'and', 'for', 'or', 'to']","['of', 'and', 'for', 'or', 'to']",none
476,10,65.0,31,than,4,6.13,0.008025753038310837,11,blame,5,4.63,13.487923749814938,14.741161346435547,14.660164833068848,0.08099651336669922,0.017426608356093203,0.09799756954163079,0.0805709611855376,-0.3589467248926555,7.309385878799064e-07,0.3589474558312434,False,"['life', 'society', 'poverty', 'isolation', 'boredom']","['life', 'society', 'poverty', 'isolation', 'boredom']",none
477,10,65.0,31,than,4,6.13,0.008025753038310837,12,in,2,7.27,6.7205832524032445,0.15542399883270264,0.15021075308322906,0.005213245749473572,0.0003830729552720194,0.005913676541612798,0.005530603586340778,-0.23946318225701968,6.83012871421171e-08,0.23946325055830683,False,"['in', 'under', 'within', 'with', 'through']","['in', 'under', 'within', 'with', 'through']",none
478,10,65.0,31,than,4,6.13,0.008025753038310837,13,which,5,6.3,4.315448687889257,0.05613049492239952,0.06034286320209503,-0.004212368279695511,0.00033906615462547395,0.005168909256615442,0.004829843101989968,-0.33435289254223816,1.0889785403661233e-05,0.3343637823276418,False,"['which', 'that', 'how', 'it', 'where']","['which', 'that', 'how', 'where', 'it']",none
479,10,65.0,31,than,4,6.13,0.008025753038310837,14,it,2,6.95,3.0013969172287944,1.7423210144042969,1.8348495960235596,-0.0925285816192627,0.025351122178279006,0.12130114393054588,0.0959500217522669,-0.27856901802516637,4.111587111570201e-06,0.27857312961227787,False,"['it', 'blame', 'life', 'suicide', 'everything']","['it', 'blame', 'everything', 'this', 'life']",none
480,10,65.0,31,than,4,6.13,0.008025753038310837,15,is,2,7.07,1.3081637437765874,0.03404683619737625,0.03147250413894653,0.002574332058429718,0.00014111778019899993,0.0025755489631955025,0.002434431182996503,-0.5071756701835677,1.778455331947104e-08,0.5071756879681211,False,"['is', 'was', 'are', 'gets', 'seems']","['is', 'was', 'are', 'gets', 'were']",none
481,10,65.0,31,than,4,6.13,0.008025753038310837,16,carried,7,4.77,7.017450162554626,2.9445950984954834,3.216402292251587,-0.2718071937561035,0.023042738042412837,0.10455406672655415,0.08151132868414128,-0.3398229182019885,1.273262267349695e-07,0.33982304552821535,False,"['played', 'carried', 'pointed', 'worked', 'spoken']","['played', 'carried', 'pointed', 'worked', 'spoken']",none
482,10,65.0,31,than,4,6.13,0.008025753038310837,17,out,3,6.38,2.0668413752752377,0.3855903148651123,0.4027016758918762,-0.017111361026763916,0.005357932560655979,0.036159135017115894,0.030801202456459908,-0.09049444103492628,1.601632765988117e-05,0.09051045736258619,False,"['out', ',', 'on', 'around', 'about']","['out', ',', 'on', 'around', 'off']",none
483,10,65.0,31,than,4,6.13,0.008025753038310837,18,as,2,6.77,9.546518476208595,1.4723941087722778,1.1229207515716553,0.34947335720062256,0.049443198941388614,0.16085233108862507,0.11140913214723644,0.16985838284097057,0.1699087985345613,5.0415693590749624e-05,False,"['as', ',', '.', 'even', '-']","[',', 'as', '.', 'even', '-']",none
484,10,65.0,31,than,4,6.13,0.008025753038310837,19,though,6,5.5,4.719221302099274,2.9743969440460205,2.797722339630127,0.17667460441589355,0.041286093163077686,0.09358078166039699,0.05229468849731925,-1.5525630687922976,8.753587347773409e-08,1.5525631563281714,False,"['if', 'though', 'although', 'when', 'the']","['if', 'though', '.', 'the', 'women']",none
485,10,65.0,31,than,4,6.13,0.008025753038310837,20,getting,7,5.57,15.245505538097532,0.9398415684700012,1.000486969947815,-0.06064540147781372,0.01179773155993259,0.07073211587983017,0.05893438431989755,0.0454304629997878,0.04550550307213164,7.504007234383737e-05,False,"['getting', 'growing', 'becoming', 'being', 'going']","['getting', 'growing', 'becoming', 'being', 'going']",none
486,10,65.0,31,than,4,6.13,0.008025753038310837,21,older,5,4.92,12.239302688206067,10.039299964904785,9.680736541748047,0.3585634231567383,0.010084466424785618,0.06776920883416838,0.05768474240938278,-0.1232448383658602,1.8190237618134188e-05,0.12326302860347832,False,"['married', 'pregnant', 'divorced', 'rich', 'paid']","['married', 'pregnant', 'divorced', 'rich', 'paid']",none
487,10,65.0,31,than,4,6.13,0.008025753038310837,22,is,2,7.07,2.4196084644731517,0.7590870261192322,0.7352554798126221,0.023831546306610107,0.053992919634172756,0.0890816699386139,0.03508875030444115,-2.2052511812924447,4.90564602153957e-07,2.2052516718570474,False,"['is', 'was', 'were', 'are', ',']","['is', 'was', 'were', ',', '-']",none
488,10,65.0,31,than,4,6.13,0.008025753038310837,23,a,1,7.36,2.6160512039308883,0.011812441982328892,0.008848500438034534,0.0029639415442943573,0.0006368230275084472,0.003227851737439017,0.0025910287099305696,-1.7130606562199184,4.335470800767831e-07,1.7130610897669984,False,"['a', 'the', 'another', 'some', 'an']","['a', 'the', 'another', 'some', 'an']",none
489,10,65.0,31,than,4,6.13,0.008025753038310837,24,lifestyle,9,4.29,11.693408686018646,9.4721097946167,10.069616317749023,-0.5975065231323242,0.0621152159045302,0.20259660376901872,0.14048138786448852,-0.4160799123214669,0.00022140018847105272,0.4163013125099379,False,"['natural', 'moral', 'conscious', 'deliberate', 'bad']","['natural', 'conscious', 'moral', 'deliberate', 'personal']",none
490,10,65.0,31,than,4,6.13,0.008025753038310837,25,choice,6,5.08,0.9964249582791739,4.012951850891113,3.7111682891845703,0.30178356170654297,0.11256696057670407,0.2877444993833124,0.1751775388066083,-1.6035355828514384,7.482330780980182e-05,1.6036104061592484,False,"['decision', 'choice', 'being', 'deliberately', 'custom']","['decision', 'being', 'choice', 'custom', 'deliberately']",none
491,10,65.0,31,than,4,6.13,0.008025753038310837,26,made,4,5.92,7.5237024834755815,0.7005493640899658,0.41864317655563354,0.2819061875343323,0.06846701634318847,0.21105190795097567,0.1425848916077872,-2.776304957027058,1.5199281935865845e-08,2.77630497222634,False,"['made', 'taken', 'preferred', 'used', 'chosen']","['made', 'preferred', 'used', 'taken', 'practiced']",none
492,10,65.0,31,than,4,6.13,0.008025753038310837,27,by,2,6.66,1.0755304266739252,0.584019124507904,0.5305108428001404,0.05350828170776367,0.002924273702749194,0.037128806980413195,0.034204533277663984,-1.1054041551817204,2.733019954417562e-06,1.1054068882016754,False,"['by', 'for', 'to', 'of', 'from']","['by', 'for', 'to', 'among', 'from']",none
493,10,65.0,31,than,4,6.13,0.008025753038310837,28,lazy,4,4.24,11.514152883887773,13.396943092346191,12.77642822265625,0.6205148696899414,0.02558119531405963,0.12928115149038827,0.10369995617632864,0.0809969741744109,0.08102463391788507,2.7659743474194963e-05,False,"['the', 'older', 'other', 'all', 'young']","['the', 'older', 'all', 'other', 'young']",none
494,10,65.0,31,than,4,6.13,0.008025753038310837,29,women,5,5.57,7.790036689038194,7.579366683959961,7.347779273986816,0.23158740997314453,0.010680909750462889,0.055887480061192,0.045206570310729104,-0.3276910591888216,1.3783155365575179e-05,0.3277048423441873,False,"['people', 'individuals', 'adults', 'men', 'citizens']","['people', 'individuals', 'adults', 'men', 'parents']",none
495,10,65.0,31,than,4,6.13,0.008025753038310837,30,rather,6,5.32,7.586584865016182,10.568546295166016,0.0016901171766221523,10.566856177989393,10.555443866451283,10.556794236398733,0.0013503699474518593,-19.782007181513954,3.791572951927317e-06,19.782010973086898,False,"['rather', 'more', 'other', ',', 'instead']","['and', ',', 'which', 'that', 'or']",none
496,10,65.0,32,a,1,7.36,3.013348513084418,0,what,4,6.38,0.0,0.0005773752927780151,0.0005780634819529951,-6.881891749799252e-07,8.418130888041923e-07,1.6904018185077985e-05,1.6062205096273796e-05,-0.0653452647336309,9.189710033282636e-05,0.06543716183396373,False,"['what', 'whatever', 'that', 'which', 'something']","['what', 'whatever', 'which', 'that', 'something']",none
497,10,65.0,32,a,1,7.36,3.013348513084418,1,is,2,7.07,5.067392613495786,0.011897755786776543,0.01257472112774849,-0.0006769653409719467,4.558912977333725e-05,0.0007926955268212227,0.0007471063970478851,-0.12083781329556079,0.00010467091741958403,0.12094248421298034,False,"['is', 'seems', 'gets', 'becomes', 'feels']","['is', 'seems', 'gets', 'becomes', 'feels']",none
498,10,65.0,32,a,1,7.36,3.013348513084418,2,so,2,6.52,7.045905151849227,4.821281909942627,4.940732002258301,-0.11945009231567383,0.001892382171246669,0.030915209594355706,0.029022827423109042,-0.09382471798280599,5.531197305651299e-05,0.0938800299558625,False,"['most', 'particularly', 'especially', 'really', 'more']","['most', 'particularly', 'especially', 'really', 'more']",none
499,10,65.0,32,a,1,7.36,3.013348513084418,3,unpleasant,10,3.8,10.97457889163446,10.863654136657715,10.869739532470703,-0.006085395812988281,0.002363524329044057,0.03070396965419119,0.028340445325147134,-0.08368824147606545,3.6300431088911206e-05,0.08372454190715434,False,"['striking', 'interesting', 'remarkable', 'special', 'strange']","['striking', 'interesting', 'remarkable', 'special', 'strange']",none
500,10,65.0,32,a,1,7.36,3.013348513084418,4,about,5,6.4,1.028931793952807,0.09296228736639023,0.0851161852478981,0.007846102118492126,0.0006644857984403753,0.007470091630440495,0.00680560583200012,-0.2251950241673507,7.422036023556095e-07,0.22519576637095307,False,"['about', 'in', 'with', 'of', ',']","['about', 'in', 'with', 'of', ',']",none
501,10,65.0,32,a,1,7.36,3.013348513084418,5,all,3,6.52,7.316653024644298,0.32477718591690063,0.2958838939666748,0.02889329195022583,0.004262975568554992,0.028755161314960788,0.02449218574640579,-0.12250509084514327,0.00013429255081871914,0.122639383395962,False,"['all', 'doing', 'being', 'having', '...']","['all', 'doing', 'being', 'having', '...']",none
502,10,65.0,32,a,1,7.36,3.013348513084418,6,this,4,6.82,1.068575617216416,0.08380015939474106,0.08315078914165497,0.0006493702530860901,0.000121998836337417,0.0016738785927290609,0.0015518797563916437,-0.035151772518434155,0.000146811467051324,0.03529858398548547,False,"['this', 'that', 'these', 'women', 'life']","['this', 'that', 'these', 'women', 'life']",none
503,10,65.0,32,a,1,7.36,3.013348513084418,7,is,2,7.07,8.204936360025501,0.0755481868982315,0.05299006402492523,0.022558122873306274,0.004455282779070433,0.02233016178577739,0.01787487900670696,-0.43319037075532457,1.548479364228169e-05,0.43320585554896684,False,"['is', '?', ',', '-', ':']","['is', '?', ',', '-', ':']",none
504,10,65.0,32,a,1,7.36,3.013348513084418,8,the,3,7.73,4.032598697154909,0.08911988139152527,0.07130949944257736,0.017810381948947906,0.0019667431084419745,0.016951819060140427,0.014985075951698446,-0.235258504386616,0.0024182095164103886,0.23767671390302636,False,"['the', 'an', 'this', 'its', 'that']","['the', 'an', 'this', 'its', 'that']",none
505,10,65.0,32,a,1,7.36,3.013348513084418,9,atmosphere,10,4.46,11.08973085456479,6.189690113067627,6.211467742919922,-0.021777629852294922,0.004755978581245752,0.04708841609138541,0.04233243751013965,0.026151966690082313,0.0273919513460859,0.0012399846560035808,False,"['sense', 'form', 'amount', 'kind', 'level']","['form', 'sense', 'amount', 'kind', 'level']",none
506,10,65.0,32,a,1,7.36,3.013348513084418,10,of,2,7.4,2.3370083392645147,0.023873290047049522,0.023000340908765793,0.0008729491382837296,0.00011978764025169333,0.001464140612071841,0.0013443529718201476,-0.2821275815277439,0.0001561788791101384,0.28228376040685405,False,"['of', 'and', 'for', 'or', 'to']","['of', 'and', 'for', 'or', 'to']",none
507,10,65.0,32,a,1,7.36,3.013348513084418,11,blame,5,4.63,13.487923749814938,14.477144241333008,14.660164833068848,-0.18302059173583984,0.008478215411227607,0.06666749215238449,0.058189276741156884,-0.043556743336595434,0.0004999622521532547,0.04405670558874871,False,"['life', 'society', 'poverty', 'isolation', 'boredom']","['life', 'society', 'poverty', 'isolation', 'boredom']",none
508,10,65.0,32,a,1,7.36,3.013348513084418,12,in,2,7.27,6.7205832524032445,0.15533463656902313,0.15021075308322906,0.005123883485794067,0.0001752915012418995,0.005085503265153576,0.004910211763911676,-0.2136670229267492,1.7181487900176563e-06,0.2136687410755392,False,"['in', 'under', 'within', 'with', 'through']","['in', 'under', 'within', 'with', 'through']",none
509,10,65.0,32,a,1,7.36,3.013348513084418,13,which,5,6.3,4.315448687889257,0.06282582879066467,0.06034286320209503,0.002482965588569641,7.953267122806554e-05,0.002381769405288053,0.002302236734059988,-0.2177888826074927,2.3687252792638387e-05,0.21781256986028538,False,"['which', 'that', 'how', 'it', 'where']","['which', 'that', 'how', 'it', 'where']",none
510,10,65.0,32,a,1,7.36,3.013348513084418,14,it,2,6.95,3.0013969172287944,1.7177808284759521,1.8348495960235596,-0.11706876754760742,0.0053627115603156455,0.052555586488632025,0.04719287492831638,-0.09238858860144555,0.00022378222587375848,0.09261237082731931,False,"['it', 'blame', 'life', 'suicide', 'everything']","['it', 'blame', 'life', 'suicide', 'everything']",none
511,10,65.0,32,a,1,7.36,3.013348513084418,15,is,2,7.07,1.3081637437765874,0.034565601497888565,0.03147250413894653,0.003093097358942032,0.00014883776383974368,0.003033106038583889,0.002884268274744146,-0.26847169573000856,1.503277948000875e-07,0.2684718460578034,False,"['is', 'was', 'are', 'gets', 'seems']","['is', 'was', 'are', 'gets', 'were']",none
512,10,65.0,32,a,1,7.36,3.013348513084418,16,carried,7,4.77,7.017450162554626,3.093353271484375,3.216402292251587,-0.12304902076721191,0.012383859526969021,0.0828409714728997,0.0704571119459307,-0.12799422365504567,0.00031188655761450306,0.12830611021266014,False,"['played', 'carried', 'pointed', 'worked', 'spoken']","['played', 'carried', 'pointed', 'worked', 'spoken']",none
513,10,65.0,32,a,1,7.36,3.013348513084418,17,out,3,6.38,2.0668413752752377,0.3759763538837433,0.4027016758918762,-0.026725322008132935,0.002283210043349712,0.028619711532682605,0.02633650148933289,-0.022316982565719352,0.0023887275101473144,0.024705710075866673,False,"['out', ',', 'on', 'around', 'about']","['out', ',', 'on', 'around', 'off']",none
514,10,65.0,32,a,1,7.36,3.013348513084418,18,as,2,6.77,9.546518476208595,1.062780737876892,1.1229207515716553,-0.060140013694763184,0.02271330840448535,0.1006545758938494,0.07794126748936402,0.26048593495524425,0.2610576335428008,0.000571698587556503,False,"['as', ',', '.', 'even', '-']","['as', ',', '.', 'even', '-']",none
515,10,65.0,32,a,1,7.36,3.013348513084418,19,though,6,5.5,4.719221302099274,2.9113776683807373,2.797722339630127,0.11365532875061035,0.0033082434361230073,0.017599394526560022,0.01429115109043702,-0.22388123081450093,0.00019396170071589436,0.22407519251521682,False,"['if', 'though', 'although', 'when', 'the']","['if', 'though', 'the', 'when', 'although']",none
516,10,65.0,32,a,1,7.36,3.013348513084418,20,getting,7,5.57,15.245505538097532,1.0689101219177246,1.000486969947815,0.06842315196990967,0.008493865552609007,0.07021156742823213,0.061717701875623115,-0.044449204497516805,0.017741654085475622,0.06219085858299242,False,"['getting', 'growing', 'becoming', 'being', 'going']","['getting', 'growing', 'becoming', 'being', 'going']",none
517,10,65.0,32,a,1,7.36,3.013348513084418,21,older,5,4.92,12.239302688206067,9.774496078491211,9.680736541748047,0.09375953674316406,0.004403691822732178,0.034741652106636385,0.03033796028390421,-0.21920268812822258,0.0002677781377208623,0.21947046626594344,False,"['married', 'pregnant', 'divorced', 'rich', 'paid']","['married', 'pregnant', 'divorced', 'rich', 'paid']",none
518,10,65.0,32,a,1,7.36,3.013348513084418,22,is,2,7.07,2.4196084644731517,0.7165157794952393,0.7352554798126221,-0.018739700317382812,0.006412849708656188,0.031926084328136026,0.02551323461947985,-0.11068767620104758,0.00015909068810992396,0.11084676688915748,False,"['is', 'was', 'were', 'are', ',']","['is', 'was', 'were', 'are', ',']",none
519,10,65.0,32,a,1,7.36,3.013348513084418,23,a,1,7.36,2.6160512039308883,0.02975716069340706,0.008848500438034534,0.020908660255372524,0.010827705984957154,0.020780856821801377,0.009953150836844228,-0.29663340717419107,0.017407823215452412,0.3140412303896435,False,"['a', 'the', 'another', 'some', 'an']","['a', 'the', 'another', 'some', 'an']",none
520,10,65.0,32,a,1,7.36,3.013348513084418,24,lifestyle,9,4.29,11.693408686018646,9.746213912963867,10.069616317749023,-0.32340240478515625,0.14256027626627,0.3471244079379568,0.20456413167168686,0.42260857947558456,0.42322615140632697,0.0006175719307423683,False,"['natural', 'moral', 'conscious', 'deliberate', 'bad']","['conscious', 'natural', 'deliberate', 'moral', 'personal']",none
521,10,65.0,32,a,1,7.36,3.013348513084418,25,choice,6,5.08,0.9964249582791739,4.573070049285889,3.7111682891845703,0.8619017601013184,0.05887541634790349,0.19813647662756734,0.13926106027966384,0.4698578569806712,0.4703629861592688,0.0005051291785977437,False,"['decision', 'choice', 'being', 'deliberately', 'custom']","['decision', 'deliberately', 'being', 'choice', ',']",none
522,10,65.0,32,a,1,7.36,3.013348513084418,26,made,4,5.92,7.5237024834755815,0.5830303430557251,0.41864317655563354,0.16438716650009155,0.02819278657953722,0.1247337115503409,0.09654092497080369,-0.6513799348618038,2.1213856440063875e-05,0.651401148718244,False,"['made', 'taken', 'preferred', 'used', 'chosen']","['made', 'taken', 'preferred', 'used', 'adopted']",none
523,10,65.0,32,a,1,7.36,3.013348513084418,27,by,2,6.66,1.0755304266739252,0.44601970911026,0.5305108428001404,-0.08449113368988037,0.006648011359646365,0.06620396423544885,0.05955595287580245,-0.026249694883694604,0.0017285528891232854,0.027978247772817884,False,"['by', 'for', 'to', 'of', 'from']","['by', 'for', 'to', 'among', 'of']",none
524,10,65.0,32,a,1,7.36,3.013348513084418,28,lazy,4,4.24,11.514152883887773,13.047059059143066,12.77642822265625,0.2706308364868164,0.03052907926721543,0.14889208737635018,0.11836300810913475,0.053078220076149214,0.09179671673152497,0.038718496655375766,False,"['the', 'older', 'other', 'all', 'young']","['the', 'older', 'other', 'all', 'young']",none
525,10,65.0,32,a,1,7.36,3.013348513084418,29,women,5,5.57,7.790036689038194,7.70738410949707,7.347779273986816,0.3596048355102539,0.02419326210539038,0.11978079788406087,0.09558753577867045,0.02976863122970153,0.043201117221199896,0.013432485991498374,False,"['people', 'individuals', 'adults', 'men', 'citizens']","['people', 'individuals', 'adults', 'men', 'citizens']",none
526,10,65.0,32,a,1,7.36,3.013348513084418,30,rather,6,5.32,7.586584865016182,0.0013815959682688117,0.0016901171766221523,-0.0003085212083533406,0.0005251633598617642,0.0010919428174732796,0.0005667794576115156,-0.5994697626361416,0.0011076022398164222,0.6005773648759579,False,"['rather', 'more', 'other', ',', 'instead']","['rather', 'more', 'other', 'instead', ',']",none
527,10,65.0,32,a,1,7.36,3.013348513084418,31,than,4,6.13,0.008025753038310837,0.0007020319462753832,0.0007435005391016603,-4.146859282627702e-05,0.00016114090774044587,0.00029797991845104577,0.00013683901071059984,-4.813960400581596,0.0023233907154526215,4.816283791297048,False,"['than', 'as', 'like', 'that', 'and']","['than', 'that', 'like', 'and', 'as']",none
528,10,65.0,33,natural,7,5.11,5.790889971185804,0,what,4,6.38,0.0,0.000540298642590642,0.0005780634819529951,-3.7764839362353086e-05,4.324480324782782e-06,5.348144853082594e-05,4.9156968206043146e-05,-0.12554557919842116,0.0013234679422616917,0.12686904714068287,False,"['what', 'whatever', 'that', 'which', 'something']","['what', 'whatever', 'that', 'which', 'something']",none
529,10,65.0,33,natural,7,5.11,5.790889971185804,1,is,2,7.07,5.067392613495786,0.011182716116309166,0.01257472112774849,-0.0013920050114393234,0.00011842516415219919,0.0015265103425788514,0.0014080851784266516,-0.03490061625839458,0.025805956175818563,0.06070657243421315,False,"['is', 'seems', 'gets', 'becomes', 'feels']","['is', 'seems', 'gets', 'becomes', 'feels']",none
530,10,65.0,33,natural,7,5.11,5.790889971185804,2,so,2,6.52,7.045905151849227,4.9551472663879395,4.940732002258301,0.014415264129638672,0.003887781196595782,0.0489594871681251,0.045071705971529326,-0.14384386294522145,0.0030222841620532763,0.14686614710727472,False,"['most', 'particularly', 'especially', 'really', 'more']","['most', 'particularly', 'especially', 'really', 'more']",none
531,10,65.0,33,natural,7,5.11,5.790889971185804,3,unpleasant,10,3.8,10.97457889163446,10.83045482635498,10.869739532470703,-0.039284706115722656,0.004962750549801101,0.053077137593420254,0.048114387043619145,-0.0033276511451977445,0.05329542613025806,0.05662307727545582,False,"['striking', 'interesting', 'remarkable', 'special', 'strange']","['striking', 'interesting', 'special', 'remarkable', 'unique']",none
532,10,65.0,33,natural,7,5.11,5.790889971185804,4,about,5,6.4,1.028931793952807,0.09352423995733261,0.0851161852478981,0.00840805470943451,0.00070665436088661,0.008168849569080273,0.007462195208193662,-0.1685178588901478,0.001697786089426226,0.17021564497957403,False,"['about', 'in', 'with', 'of', ',']","['about', 'in', 'with', 'of', '?']",none
533,10,65.0,33,natural,7,5.11,5.790889971185804,5,all,3,6.52,7.316653024644298,0.43863874673843384,0.2958838939666748,0.14275485277175903,0.03010538671155819,0.11634545226691924,0.08624006555536104,-1.089886819291487,3.127515908336492e-05,1.0899180944505704,False,"['all', 'doing', 'being', 'having', '...']","['all', 'doing', 'being', '...', 'having']",none
534,10,65.0,33,natural,7,5.11,5.790889971185804,6,this,4,6.82,1.068575617216416,0.09081573784351349,0.08315078914165497,0.0076649487018585205,0.0011643568479023129,0.008711406918124219,0.007547050070221907,-0.2365514257497872,0.020950056482457072,0.2575014822322443,False,"['this', 'that', 'these', 'women', 'life']","['this', 'that', 'these', 'women', 'life']",none
535,10,65.0,33,natural,7,5.11,5.790889971185804,7,is,2,7.07,8.204936360025501,0.07008453458547592,0.05299006402492523,0.01709447056055069,0.0028765620761823456,0.016851500530159283,0.013974938453976939,-0.561350855395139,1.7628085178151258e-06,0.5613526182036568,False,"['is', '?', ',', '-', ':']","['is', '?', ',', ':', '-']",none
536,10,65.0,33,natural,7,5.11,5.790889971185804,8,the,3,7.73,4.032598697154909,0.0954437404870987,0.07130949944257736,0.024134241044521332,0.0036159451798836654,0.022970470354795186,0.01935452517491152,-0.4676734724905406,1.2323594787709384e-05,0.4676857960853283,False,"['the', 'an', 'this', 'its', 'that']","['the', 'an', 'this', 'its', 'that']",none
537,10,65.0,33,natural,7,5.11,5.790889971185804,9,atmosphere,10,4.46,11.08973085456479,6.383455276489258,6.211467742919922,0.17198753356933594,0.023151736447685273,0.12238294762750389,0.09923121117981858,-0.09999573770578399,0.03303717992367324,0.13303291762945724,False,"['sense', 'form', 'amount', 'kind', 'level']","['form', 'sense', 'amount', 'kind', 'level']",none
538,10,65.0,33,natural,7,5.11,5.790889971185804,10,of,2,7.4,2.3370083392645147,0.026622574776411057,0.023000340908765793,0.0036222338676452637,0.0005218510844377032,0.0042446125289099116,0.003722761444472208,-0.506242089292839,1.8158753372359693e-05,0.5062602480462114,False,"['of', 'and', 'for', 'or', 'to']","['of', 'and', 'for', 'or', 'to']",none
539,10,65.0,33,natural,7,5.11,5.790889971185804,11,blame,5,4.63,13.487923749814938,14.682576179504395,14.660164833068848,0.022411346435546875,0.025470288275404325,0.12256614276801946,0.09709585449261512,-0.17144430992891074,0.05193708363237421,0.22338139356128497,False,"['life', 'society', 'poverty', 'isolation', 'boredom']","['life', 'society', 'poverty', 'boredom', 'isolation']",none
540,10,65.0,33,natural,7,5.11,5.790889971185804,12,in,2,7.27,6.7205832524032445,0.14315837621688843,0.15021075308322906,-0.007052376866340637,0.000373953639982126,0.007502533379235849,0.007128579739253724,-0.21604329686812085,0.0029764224224887548,0.21901971929060962,False,"['in', 'under', 'within', 'with', 'through']","['in', 'under', 'within', 'with', 'through']",none
541,10,65.0,33,natural,7,5.11,5.790889971185804,13,which,5,6.3,4.315448687889257,0.0701468214392662,0.06034286320209503,0.009803958237171173,0.0007421630373415218,0.009404335948190594,0.00866217291084907,-0.3787026935969839,5.827270354590898e-05,0.3787609663005298,False,"['which', 'that', 'how', 'it', 'where']","['which', 'that', 'how', 'where', 'it']",none
542,10,65.0,33,natural,7,5.11,5.790889971185804,14,it,2,6.95,3.0013969172287944,1.8180402517318726,1.8348495960235596,-0.01680934429168701,0.02998162313522833,0.1149380380393163,0.08495641490408797,-0.13169465536339367,0.05428016964855656,0.1859748250119502,False,"['it', 'blame', 'life', 'suicide', 'everything']","['it', 'blame', 'suicide', 'this', 'life']",none
543,10,65.0,33,natural,7,5.11,5.790889971185804,15,is,2,7.07,1.3081637437765874,0.03401390463113785,0.03147250413894653,0.0025414004921913147,0.00011809622691839689,0.002498035453690187,0.0023799392267717903,-0.3300409515091089,0.0004203520342526494,0.33046130354336156,False,"['is', 'was', 'are', 'gets', 'seems']","['is', 'was', 'are', 'gets', 'were']",none
544,10,65.0,33,natural,7,5.11,5.790889971185804,16,carried,7,4.77,7.017450162554626,2.88234543800354,3.216402292251587,-0.3340568542480469,0.014243757229251615,0.08434620858241797,0.07010245135316634,-0.00011014202161794146,0.08880248802967813,0.08891263005129606,False,"['played', 'carried', 'pointed', 'worked', 'spoken']","['played', 'carried', 'pointed', 'worked', 'spoken']",none
545,10,65.0,33,natural,7,5.11,5.790889971185804,17,out,3,6.38,2.0668413752752377,0.3252605199813843,0.4027016758918762,-0.07744115591049194,0.012092812999087637,0.0744409057333762,0.062348092734288554,0.008212830008500399,0.08737527297943186,0.07916244297093146,False,"['out', ',', 'on', 'around', 'about']","['out', ',', 'on', 'around', 'about']",none
546,10,65.0,33,natural,7,5.11,5.790889971185804,18,as,2,6.77,9.546518476208595,1.1350232362747192,1.1229207515716553,0.012102484703063965,0.00826711225567377,0.053125858067004296,0.044858745811330536,-0.10994903061901963,0.06824054459291864,0.1781895752119383,False,"['as', ',', '.', 'even', '-']","['as', ',', '.', 'even', '-']",none
547,10,65.0,33,natural,7,5.11,5.790889971185804,19,though,6,5.5,4.719221302099274,2.983103036880493,2.797722339630127,0.1853806972503662,0.00802150323036209,0.03258314802673792,0.024561644796375837,-0.734028253733788,0.0015455440420459213,0.7355737977758339,False,"['if', 'though', 'although', 'when', 'the']","['if', 'though', 'the', 'when', 'well']",none
548,10,65.0,33,natural,7,5.11,5.790889971185804,20,getting,7,5.57,15.245505538097532,0.9920996427536011,1.000486969947815,-0.008387327194213867,0.0031404188735058266,0.031647980455514,0.028507561582008175,-0.602397430945507,0.0010830860991240655,0.6034805170446311,False,"['getting', 'growing', 'becoming', 'being', 'going']","['getting', 'growing', 'becoming', 'being', 'going']",none
549,10,65.0,33,natural,7,5.11,5.790889971185804,21,older,5,4.92,12.239302688206067,10.111794471740723,9.680736541748047,0.4310579299926758,0.015450355708776061,0.07021496298125778,0.05476460727248171,-0.16998070922970987,0.08270276711733938,0.25268347634704924,False,"['married', 'pregnant', 'divorced', 'rich', 'paid']","['married', 'pregnant', 'divorced', 'paid', 'rich']",none
550,10,65.0,33,natural,7,5.11,5.790889971185804,22,is,2,7.07,2.4196084644731517,0.6822372674942017,0.7352554798126221,-0.05301821231842041,0.01218064120198088,0.06080937923390919,0.04862873803192831,-0.9150506094570229,0.00021723475173647487,0.9152678442087593,False,"['is', 'was', 'were', 'are', ',']","['is', 'was', 'were', 'are', ',']",none
551,10,65.0,33,natural,7,5.11,5.790889971185804,23,a,1,7.36,2.6160512039308883,0.007669622544199228,0.008848500438034534,-0.0011788778938353062,0.0002531742167096779,0.0016775967095465888,0.0014244224928369104,-0.632293475741446,0.01518344504814657,0.6474769207895926,False,"['a', 'the', 'another', 'some', 'an']","['a', 'the', 'another', 'some', 'an']",none
552,10,65.0,33,natural,7,5.11,5.790889971185804,24,lifestyle,9,4.29,11.693408686018646,8.599987983703613,10.069616317749023,-1.4696283340454102,0.5283610023639864,0.8552136511157584,0.326852648751772,-0.6839878849760862,0.12893050034455755,0.8129183853206439,False,"['natural', 'moral', 'conscious', 'deliberate', 'bad']","['conscious', 'deliberate', 'personal', 'moral', 'natural']",none
553,10,65.0,33,natural,7,5.11,5.790889971185804,25,choice,6,5.08,0.9964249582791739,4.070319652557373,3.7111682891845703,0.35915136337280273,0.13630017303587363,0.32799233347312035,0.1916921604372468,0.053652085890724406,0.26742847049340546,0.21377638460268109,False,"['decision', 'choice', 'being', 'deliberately', 'custom']","['decision', 'choice', 'deliberately', 'being', 'effort']",none
554,10,65.0,33,natural,7,5.11,5.790889971185804,26,made,4,5.92,7.5237024834755815,0.5892165303230286,0.41864317655563354,0.17057335376739502,0.04412457922035987,0.14940277550167597,0.10527819628131614,-0.8112974365954758,0.021364614207318045,0.8326620508027937,False,"['made', 'taken', 'preferred', 'used', 'chosen']","['made', 'taken', 'used', 'preferred', 'undertaken']",none
555,10,65.0,33,natural,7,5.11,5.790889971185804,27,by,2,6.66,1.0755304266739252,0.44708237051963806,0.5305108428001404,-0.08342847228050232,0.008671493908012164,0.0719166812507999,0.06324518734278775,-0.5937753481064124,0.001611859406266341,0.5953872075126788,False,"['by', 'for', 'to', 'of', 'from']","['by', 'for', 'to', 'among', 'of']",none
556,10,65.0,33,natural,7,5.11,5.790889971185804,28,lazy,4,4.24,11.514152883887773,13.245800018310547,12.77642822265625,0.4693717956542969,0.03364258887784744,0.13400925484511733,0.10036666596726992,0.1232528463319809,0.2525021642956078,0.12924931796362696,False,"['the', 'older', 'other', 'all', 'young']","['the', 'older', 'other', 'all', 'young']",none
557,10,65.0,33,natural,7,5.11,5.790889971185804,29,women,5,5.57,7.790036689038194,7.427398681640625,7.347779273986816,0.0796194076538086,0.06019021061741144,0.1632198935381888,0.10302968292077737,0.47766224436549587,0.4951960110814917,0.017533766715995804,False,"['people', 'individuals', 'adults', 'men', 'citizens']","['people', 'individuals', 'adults', 'men', 'citizens']",none
558,10,65.0,33,natural,7,5.11,5.790889971185804,30,rather,6,5.32,7.586584865016182,0.0019927627872675657,0.0016901171766221523,0.0003026456106454134,0.0003811814114446103,0.0007555448848874283,0.00037436347344281794,-1.374181742563926,0.0016594350781281282,1.3758411776420543,False,"['rather', 'more', 'other', ',', 'instead']","['rather', 'more', ',', 'other', 'instead']",none
559,10,65.0,33,natural,7,5.11,5.790889971185804,31,than,4,6.13,0.008025753038310837,0.0026184888556599617,0.0007435005391016603,0.0018749883165583014,0.0010430351051895668,0.0018740558726836908,0.0008310207674941243,-2.0166283492773296,1.7051220447255898e-07,2.0166285197895344,False,"['than', 'as', 'like', 'that', 'and']","['than', 'as', 'like', 'that', 'of']",none
560,10,65.0,33,natural,7,5.11,5.790889971185804,32,a,1,7.36,3.013348513084418,0.7602399587631226,0.26438087224960327,0.4958590865135193,0.3132568313894429,0.42805114977150677,0.1147943183820638,-10.598737608494215,0.0010110426461742241,10.59974865114039,False,"['a', 'the', 'their', 'any', 'some']","['a', 'the', 'their', 'social', 'political']",none
561,10,65.0,34,process,7,5.26,7.839354511297983,0,what,4,6.38,0.0,0.0006253784522414207,0.0005780634819529951,4.7314970288425684e-05,2.874441219195195e-06,4.869619279859164e-05,4.5821751579396436e-05,-0.11656909616458978,4.420616689625135e-09,0.11656910058520648,False,"['what', 'whatever', 'that', 'which', 'something']","['what', 'whatever', 'which', 'that', 'something']",none
562,10,65.0,34,process,7,5.26,7.839354511297983,1,is,2,7.07,5.067392613495786,0.011735889129340649,0.01257472112774849,-0.0008388319984078407,9.079746844003805e-05,0.0011604246697417624,0.001069627201301724,0.13672455121222032,0.137142266378996,0.00041771516677569534,False,"['is', 'seems', 'gets', 'becomes', 'feels']","['is', 'seems', 'gets', 'becomes', 'feels']",none
563,10,65.0,34,process,7,5.26,7.839354511297983,2,so,2,6.52,7.045905151849227,4.571175575256348,4.940732002258301,-0.3695564270019531,0.005071955130809143,0.04731489129589453,0.0422429361650854,0.07715162679455186,0.07762674420201791,0.00047511740746604967,False,"['most', 'particularly', 'especially', 'really', 'more']","['most', 'particularly', 'especially', 'really', 'more']",none
564,10,65.0,34,process,7,5.26,7.839354511297983,3,unpleasant,10,3.8,10.97457889163446,10.90465259552002,10.869739532470703,0.034913063049316406,0.007859734164125429,0.06176550373531507,0.05390576957118964,0.1075685693053091,0.10760170091916688,3.3131613857799626e-05,False,"['striking', 'interesting', 'remarkable', 'special', 'strange']","['striking', 'interesting', 'strange', 'special', 'remarkable']",none
565,10,65.0,34,process,7,5.26,7.839354511297983,4,about,5,6.4,1.028931793952807,0.07679521292448044,0.0851161852478981,-0.008320972323417664,0.0019787925153064143,0.011074879039063117,0.009096086523756697,0.7905153639167068,0.7905153730787685,9.162061798193513e-09,False,"['about', 'in', 'with', 'of', ',']","['about', 'in', 'with', 'of', 'to']",none
566,10,65.0,34,process,7,5.26,7.839354511297983,5,all,3,6.52,7.316653024644298,0.21496157348155975,0.2958838939666748,-0.08092232048511505,0.015137560597603215,0.08194820450258011,0.06681064390497689,0.5980119010061438,0.5980119807130033,7.970685964345455e-08,False,"['all', 'doing', 'being', 'having', '...']","['all', 'doing', 'being', 'having', 'even']",none
567,10,65.0,34,process,7,5.26,7.839354511297983,6,this,4,6.82,1.068575617216416,0.07871309667825699,0.08315078914165497,-0.00443769246339798,0.0007857010806712564,0.00639462468763742,0.005608923606966164,0.16507682866773518,0.16507754749785514,7.188301199770463e-07,False,"['this', 'that', 'these', 'women', 'life']","['this', 'that', 'these', 'life', 'women']",none
568,10,65.0,34,process,7,5.26,7.839354511297983,7,is,2,7.07,8.204936360025501,0.07447109371423721,0.05299006402492523,0.02148102968931198,0.004479436344889722,0.020924368556497996,0.016444932211608268,-0.33983780616787324,6.039731380477008e-08,0.339837866565187,False,"['is', '?', ',', '-', ':']","['is', '?', ',', '-', ':']",none
569,10,65.0,34,process,7,5.26,7.839354511297983,8,the,3,7.73,4.032598697154909,0.0636293962597847,0.07130949944257736,-0.007680103182792664,0.0011148567383441814,0.010153147332318011,0.009038290593973831,0.03696403160151766,0.0372018593062055,0.00023782770468785508,False,"['the', 'an', 'this', 'its', 'that']","['the', 'an', 'this', 'its', 'that']",none
570,10,65.0,34,process,7,5.26,7.839354511297983,9,atmosphere,10,4.46,11.08973085456479,6.111859321594238,6.211467742919922,-0.0996084213256836,0.01171812452588848,0.07589184470817202,0.06417372018228351,-0.16606096394528638,3.356522028986439e-07,0.16606129959748933,False,"['sense', 'form', 'amount', 'kind', 'level']","['sense', 'form', 'amount', 'kind', 'level']",none
571,10,65.0,34,process,7,5.26,7.839354511297983,10,of,2,7.4,2.3370083392645147,0.026503190398216248,0.023000340908765793,0.0035028494894504547,0.000758299155586332,0.004515430164576599,0.003757131008990267,-0.22685499064792033,2.583265702824161e-07,0.22685524897449066,False,"['of', 'and', 'for', 'or', 'to']","['of', 'and', 'for', 'or', 'to']",none
572,10,65.0,34,process,7,5.26,7.839354511297983,11,blame,5,4.63,13.487923749814938,14.797698974609375,14.660164833068848,0.13753414154052734,0.01892066701995311,0.10441461558235614,0.08549394856240301,-0.04353588320370485,1.649630028621867e-05,0.043552379503991066,False,"['life', 'society', 'poverty', 'isolation', 'boredom']","['life', 'society', 'poverty', 'isolation', 'boredom']",none
573,10,65.0,34,process,7,5.26,7.839354511297983,12,in,2,7.27,6.7205832524032445,0.13599640130996704,0.15021075308322906,-0.014214351773262024,0.002370247360961355,0.018202879563999852,0.015832632203038488,0.07341378150943619,0.0738808338179915,0.00046705230855531674,False,"['in', 'under', 'within', 'with', 'through']","['in', 'under', 'with', 'within', 'through']",none
574,10,65.0,34,process,7,5.26,7.839354511297983,13,which,5,6.3,4.315448687889257,0.0636182501912117,0.06034286320209503,0.0032753869891166687,0.0008197585091061959,0.004763315062589448,0.003943556553483253,-0.08555131634347538,1.4716870202212441e-06,0.08555278803049562,False,"['which', 'that', 'how', 'it', 'where']","['which', 'that', 'how', 'it', 'where']",none
575,10,65.0,34,process,7,5.26,7.839354511297983,14,it,2,6.95,3.0013969172287944,1.964730143547058,1.8348495960235596,0.12988054752349854,0.012000222403212916,0.08624673936317248,0.07424651695995954,0.09924058259042007,0.09924207245471547,1.4898642954192778e-06,False,"['it', 'blame', 'life', 'suicide', 'everything']","['it', 'blame', 'life', 'everything', 'suicide']",none
576,10,65.0,34,process,7,5.26,7.839354511297983,15,is,2,7.07,1.3081637437765874,0.027354074642062187,0.03147250413894653,-0.004118429496884346,0.00042358012514559913,0.004772732862351657,0.0043491527372060594,-0.06519820789492946,1.523330848176874e-07,0.06519836022801428,False,"['is', 'was', 'are', 'gets', 'seems']","['is', 'was', 'are', 'gets', 'seems']",none
577,10,65.0,34,process,7,5.26,7.839354511297983,16,carried,7,4.77,7.017450162554626,3.415388345718384,3.216402292251587,0.19898605346679688,0.00918976506858977,0.07252965098958576,0.06333988592099596,-0.11348423106357598,1.4603059171173327e-07,0.11348437709416767,False,"['played', 'carried', 'pointed', 'worked', 'spoken']","['played', 'carried', 'pointed', 'worked', 'spoken']",none
578,10,65.0,34,process,7,5.26,7.839354511297983,17,out,3,6.38,2.0668413752752377,0.48208388686180115,0.4027016758918762,0.07938221096992493,0.007516388146014209,0.06156739068225873,0.054051002536244515,0.10429321321373312,0.10552773503574177,0.0012345218220086481,False,"['out', ',', 'on', 'around', 'about']","['out', ',', 'around', 'on', 'about']",none
579,10,65.0,34,process,7,5.26,7.839354511297983,18,as,2,6.77,9.546518476208595,1.0397926568984985,1.1229207515716553,-0.08312809467315674,0.00685070334732322,0.06180592098902917,0.05495521764170594,0.4146588853271154,0.4154395419309309,0.0007806566038155425,False,"['as', ',', '.', 'even', '-']","['as', ',', 'even', '.', '-']",none
580,10,65.0,34,process,7,5.26,7.839354511297983,19,though,6,5.5,4.719221302099274,2.820641040802002,2.797722339630127,0.022918701171875,0.002401863606440336,0.019652333710740242,0.017250470104299902,0.4032076072999988,0.40333385512836223,0.00012624782836346272,False,"['if', 'though', 'although', 'when', 'the']","['if', 'though', 'although', 'when', 'the']",none
581,10,65.0,34,process,7,5.26,7.839354511297983,20,getting,7,5.57,15.245505538097532,0.9878852963447571,1.000486969947815,-0.012601673603057861,0.006842095932369612,0.044707645291494465,0.03786554935912483,-0.23773987970037938,4.8949218324076044e-08,0.2377399286495977,False,"['getting', 'growing', 'becoming', 'being', 'going']","['getting', 'growing', 'becoming', 'being', 'going']",none
582,10,65.0,34,process,7,5.26,7.839354511297983,21,older,5,4.92,12.239302688206067,9.705711364746094,9.680736541748047,0.024974822998046875,0.013340456191003734,0.049221159569510425,0.03588070337850669,-0.06174358000054359,2.5835939274954386e-07,0.06174383835993635,False,"['married', 'pregnant', 'divorced', 'rich', 'paid']","['married', 'pregnant', 'rich', 'divorced', 'paid']",none
583,10,65.0,34,process,7,5.26,7.839354511297983,22,is,2,7.07,2.4196084644731517,0.6920245885848999,0.7352554798126221,-0.04323089122772217,0.001837326503895259,0.028953836820752882,0.027116510316857616,0.11678898453578926,0.1177553508622675,0.0009663663264782299,False,"['is', 'was', 'were', 'are', ',']","['is', 'was', 'were', 'are', ',']",none
584,10,65.0,34,process,7,5.26,7.839354511297983,23,a,1,7.36,2.6160512039308883,0.013491378165781498,0.008848500438034534,0.0046428777277469635,0.0011555260773759542,0.004754178779797649,0.0035986527024216954,-0.3148860483951808,1.0054499830671749e-06,0.3148870538451638,False,"['a', 'the', 'another', 'some', 'an']","['a', 'the', 'another', 'an', 'some']",none
585,10,65.0,34,process,7,5.26,7.839354511297983,24,lifestyle,9,4.29,11.693408686018646,10.420100212097168,10.069616317749023,0.35048389434814453,0.37711943114123103,0.650579792796889,0.27346036165565807,0.2568553739048763,0.2581631400577596,0.0013077661528834842,False,"['natural', 'moral', 'conscious', 'deliberate', 'bad']","['natural', 'conscious', 'bad', 'moral', 'wise']",none
586,10,65.0,34,process,7,5.26,7.839354511297983,25,choice,6,5.08,0.9964249582791739,4.939404487609863,3.7111682891845703,1.228236198425293,0.23749906049356329,0.4802236538840043,0.24272459339044095,-0.4349558527755781,4.1769380809456363e-07,0.43495627046938634,False,"['decision', 'choice', 'being', 'deliberately', 'custom']","['being', 'deliberately', 'decision', 'usually', ',']",none
587,10,65.0,34,process,7,5.26,7.839354511297983,26,made,4,5.92,7.5237024834755815,0.6185182332992554,0.41864317655563354,0.19987505674362183,0.041434891643706444,0.1536532088245799,0.11221831718087341,-1.0513080200249274,2.6367322744546782e-08,1.0513080463922502,False,"['made', 'taken', 'preferred', 'used', 'chosen']","['made', 'preferred', 'taken', 'chosen', 'favored']",none
588,10,65.0,34,process,7,5.26,7.839354511297983,27,by,2,6.66,1.0755304266739252,0.7252708077430725,0.5305108428001404,0.19475996494293213,0.02458060933679081,0.13607056555138536,0.11148995621459451,-0.32236095425431227,6.549948025823444e-08,0.3223610197537926,False,"['by', 'for', 'to', 'of', 'from']","['by', 'for', 'to', 'from', 'of']",none
589,10,65.0,34,process,7,5.26,7.839354511297983,28,lazy,4,4.24,11.514152883887773,11.177937507629395,12.77642822265625,-1.5984907150268555,0.09214572396277036,0.2336126852106144,0.14146696124784403,-0.5484832788680768,1.5593776921401623e-07,0.548483434805846,False,"['the', 'older', 'other', 'all', 'young']","['the', 'all', 'other', 'older', 'some']",none
590,10,65.0,34,process,7,5.26,7.839354511297983,29,women,5,5.57,7.790036689038194,6.956760406494141,7.347779273986816,-0.3910188674926758,0.0798168556071175,0.2100966730459939,0.1302798174388764,-0.480969041850576,7.316718741847606e-07,0.48096977352245024,False,"['people', 'individuals', 'adults', 'men', 'citizens']","['people', 'individuals', 'adults', 'men', 'citizens']",none
591,10,65.0,34,process,7,5.26,7.839354511297983,30,rather,6,5.32,7.586584865016182,0.004536804743111134,0.0016901171766221523,0.0028466875664889812,0.0012789979612770493,0.002852245802315756,0.0015732478410387073,-0.9177721881746735,1.4835649729623128e-07,0.917772336531171,False,"['rather', 'more', 'other', ',', 'instead']","['rather', 'more', 'other', ',', 'better']",none
592,10,65.0,34,process,7,5.26,7.839354511297983,31,than,4,6.13,0.008025753038310837,0.001012989436276257,0.0007435005391016603,0.0002694888971745968,0.00037431452327719593,0.000638332319928301,0.00026401779665110524,1.15525794184106,1.1552633551910991,5.41335003912147e-06,False,"['than', 'as', 'like', 'that', 'and']","['than', 'like', 'of', 'that', 'as']",none
593,10,65.0,34,process,7,5.26,7.839354511297983,32,a,1,7.36,3.013348513084418,1.7885620594024658,0.26438087224960327,1.5241811871528625,1.1626954753925258,1.307051404817106,0.14435592942457942,-2.7502191274354493,6.47895047409086e-08,2.7502191922249546,False,"['a', 'the', 'their', 'any', 'some']","['a', 'the', 'just', 'something', 'entirely']",none
594,10,65.0,34,process,7,5.26,7.839354511297983,33,natural,7,5.11,5.790889971185804,10.902538299560547,6.065897464752197,4.83664083480835,5.494429771455717,5.684065257287607,0.18963548583189077,-0.8256285415114228,0.000971618001459951,0.8266001595128828,False,"['social', 'political', 'business', 'legal', 'psychological']","['profession', 'choice', 'job', 'problem', 'disease']",none
595,10,65.0,1,is,2,7.07,5.067392613495786,0,what,4,6.38,0.0,9.299818992614746,8.792835235595703,0.506983757019043,3.036540622467681,3.324730814583938,0.28819019211625707,-2.4253934618096205,0.22873267147039072,2.6541261332800117,False,"['he', 'she', 'it', 'this', 'that']","['the', 'all', 'no', '""', '-']",mask
596,10,65.0,2,so,2,6.52,7.045905151849227,0,what,4,6.38,0.0,8.792835235595703,8.040143013000488,0.7526922225952148,0.661546386828484,0.811856972494113,0.1503105856656292,-0.7617552444002331,0.43707928048572336,1.1988345248859567,False,"['he', 'it', 'she', 'this', 'there']","['he', 'she', 'it', 'this', 'that']",mask
597,10,65.0,2,so,2,6.52,7.045905151849227,1,is,2,7.07,5.067392613495786,6.092081546783447,1.484720230102539,4.607361316680908,3.4760857363915685,3.722014153062795,0.245928416671228,-2.4911959005074644,0.06891786442050067,2.5601137649279653,False,"['is', 'was', 'makes', 'if', 'made']","['the', ""'"", 'do', 'are', 'else']",mask
598,10,65.0,3,unpleasant,10,3.8,10.97457889163446,0,what,4,6.38,0.0,8.040143013000488,4.693078517913818,3.34706449508667,1.0064631400289785,1.3361601628982769,0.3296970228692986,-0.128508967504401,0.361044489209889,0.48955345671429007,False,"['it', 'he', 'this', 'life', 'everything']","['he', 'it', 'she', 'this', 'there']",mask
599,10,65.0,3,unpleasant,10,3.8,10.97457889163446,1,is,2,7.07,5.067392613495786,1.484720230102539,0.40283775329589844,1.0818824768066406,0.6808304644328906,0.8281111694503157,0.1472807050174251,-3.1621072977117515,0.007690249037723318,3.169797546749475,False,"['is', 'was', 'makes', 'are', 'so']","['is', 'was', 'makes', 'if', 'made']",mask
600,10,65.0,3,unpleasant,10,3.8,10.97457889163446,2,so,2,6.52,7.045905151849227,11.174002647399902,1.5484687089920044,9.625533938407898,3.9622874888735775,4.273162343442617,0.3108748545690394,-3.447907997361194,0.10853118056618875,3.556439177927383,False,"['so', 'it', 'an', 'the', 'this']","['it', 'this', 'a', 'wrong', 'he']",mask
601,10,65.0,4,about,5,6.4,1.028931793952807,0,what,4,6.38,0.0,4.693078517913818,0.7770344614982605,3.916044056415558,2.1993267509894827,2.5298318799463493,0.33050512895686646,-0.4312677028020327,0.04396328038696923,0.4752309831890019,False,"['what', 'he', 'it', 'she', 'something']","['it', 'he', 'this', 'life', 'everything']",mask
602,10,65.0,4,about,5,6.4,1.028931793952807,1,is,2,7.07,5.067392613495786,0.40283775329589844,1.397116780281067,-0.9942790269851685,0.685646894873563,1.0828339997020018,0.3971871048284386,-4.471375768314408,0.001001220379675074,4.472376988694083,False,"['was', 'is', 'seemed', 'so', 'felt']","['is', 'was', 'makes', 'are', 'so']",mask
603,10,65.0,4,about,5,6.4,1.028931793952807,2,so,2,6.52,7.045905151849227,1.5484687089920044,0.06348902732133865,1.4849796816706657,1.3068803578076036,1.4221211685766235,0.11524081076902012,-5.237429016373135,0.0015083533232956446,5.238937369696432,False,"['so', 'the', 'really', 'it', 'more']","['so', 'it', 'an', 'the', 'this']",mask
604,10,65.0,4,about,5,6.4,1.028931793952807,3,unpleasant,10,3.8,10.97457889163446,11.110818862915039,9.993290901184082,1.117527961730957,1.3843721474194333,1.6142224112318386,0.22985026381240548,-5.519633280952762,0.005652726934223967,5.5252860078869865,False,"['bad', 'important', 'special', 'funny', 'wrong']","['wrong', 'important', 'funny', 'bad', '-']",mask
605,10,65.0,5,all,3,6.52,7.316653024644298,0,what,4,6.38,0.0,0.7770344614982605,0.8880201578140259,-0.11098569631576538,0.3072435395056675,0.47916735796696874,0.1719238184613013,-0.16726263996641538,0.06770699288847674,0.2349696328548922,False,"['what', 'there', 'it', 'he', 'she']","['what', 'he', 'it', 'she', 'something']",mask
606,10,65.0,5,all,3,6.52,7.316653024644298,1,is,2,7.07,5.067392613495786,1.397116780281067,2.772843360900879,-1.375726580619812,0.1993726018127754,0.403759052931623,0.20438645111884757,-1.2269394723501776,0.0016540930178770754,1.228593565368055,False,"['was', 'is', 'seemed', 'felt', 'seems']","['was', 'is', 'seemed', 'so', 'felt']",mask
607,10,65.0,5,all,3,6.52,7.316653024644298,2,so,2,6.52,7.045905151849227,0.06348902732133865,0.03485522419214249,0.028633803129196167,0.014115951479937508,0.028038041608686937,0.013922090128749419,-1.9036353741899454,0.0011712174634007288,1.904806591653346,False,"['so', 'the', 'really', 'not', 'most']","['so', 'the', 'really', 'it', 'more']",mask
608,10,65.0,5,all,3,6.52,7.316653024644298,3,unpleasant,10,3.8,10.97457889163446,9.993290901184082,11.080524444580078,-1.087233543395996,0.13052547072438,0.28089117426313187,0.1503657035387519,-1.6075304438625946,0.0031205795580095236,1.6106510234206042,False,"['important', 'funny', 'bad', 'special', 'weird']","['bad', 'important', 'special', 'funny', 'wrong']",mask
609,10,65.0,5,all,3,6.52,7.316653024644298,4,about,5,6.4,1.028931793952807,2.49992036819458,2.03836989402771,0.4615504741668701,0.8031565136774695,1.0853782793743276,0.28222176569685836,-2.265652640743317,0.08004240557915866,2.345695046322475,False,"['about', 'in', 'with', 'of', ',']","[',', 'about', '?', 'in', 'with']",mask
610,10,65.0,6,this,4,6.82,1.068575617216416,0,what,4,6.38,0.0,0.8880201578140259,0.1419384479522705,0.7460817098617554,0.506892807794529,0.6761992136887025,0.16930640589417345,-3.9914091474211952,4.174718385903813e-06,3.991413322139581,False,"['what', 'there', 'something', 'it', 'he']","['what', 'there', 'it', 'he', 'she']",mask
611,10,65.0,6,this,4,6.82,1.068575617216416,1,is,2,7.07,5.067392613495786,2.772843360900879,1.442104697227478,1.3307386636734009,0.22278559198182962,0.5020462181962424,0.2792606262144129,0.6711309276983712,0.6724316631390789,0.0013007354407076348,False,"['was', 'is', 'seemed', 'seems', 'felt']","['was', 'is', 'seemed', 'felt', 'seems']",mask
612,10,65.0,6,this,4,6.82,1.068575617216416,2,so,2,6.52,7.045905151849227,0.03485522419214249,0.026286518201231956,0.00856870599091053,0.005566622416018594,0.012452615793464598,0.006885993377446002,-1.7768762014280968,0.00039017489011536105,1.7772663763182117,False,"['so', 'really', 'the', 'most', 'more']","['so', 'the', 'really', 'not', 'most']",mask
613,10,65.0,6,this,4,6.82,1.068575617216416,3,unpleasant,10,3.8,10.97457889163446,11.080524444580078,11.119779586791992,-0.03925514221191406,0.06971878440511872,0.20934932766794986,0.13963054326283114,-0.44573856019516817,0.0272187639172303,0.47295732411239844,False,"['important', 'special', 'funny', 'weird', 'bad']","['important', 'funny', 'bad', 'special', 'weird']",mask
614,10,65.0,6,this,4,6.82,1.068575617216416,4,about,5,6.4,1.028931793952807,2.03836989402771,0.8145120143890381,1.2238578796386719,0.543134793365634,0.8112820700573804,0.26814727669174626,-3.4799234939021426,0.0007656844675644401,3.480689178369708,False,"['about', ',', 'in', 'with', '?']","['about', 'in', 'with', 'of', ',']",mask
615,10,65.0,6,this,4,6.82,1.068575617216416,5,all,3,6.52,7.316653024644298,8.904153823852539,0.3888315260410309,8.515322297811508,7.4198790255852405,7.5127945214559615,0.09291549587072227,-8.91785662128877,0.0034174772972518407,8.921274098586023,False,"['all', 'having', 'being', 'doing', '...']","['this', 'the', 'you', 'that', 'me']",mask
616,10,65.0,7,is,2,7.07,8.204936360025501,0,what,4,6.38,0.0,0.1419384479522705,0.04794611781835556,0.09399233013391495,0.11446623519058866,0.14741679805249117,0.03295056286190251,-1.477190442821592,0.001636945454532318,1.4788273882761247,False,"['what', 'whatever', 'who', 'something', 'it']","['what', 'there', 'something', 'it', 'he']",mask
617,10,65.0,7,is,2,7.07,8.204936360025501,1,is,2,7.07,5.067392613495786,1.442104697227478,0.05280532315373421,1.3892993740737438,1.3710400896624257,1.4041656923238253,0.033125602661399474,1.109529561169425,1.1356780077127566,0.026148446543331896,False,"['is', 'seems', 'feels', 'was', 'makes']","['was', 'is', 'seemed', 'seems', 'felt']",mask
618,10,65.0,7,is,2,7.07,8.204936360025501,2,so,2,6.52,7.045905151849227,0.026286518201231956,0.06134413555264473,-0.03505761735141277,0.024200731191845237,0.05782046524319189,0.03361973405134665,0.9133804511916058,0.9135483834825152,0.00016793229090938407,False,"['so', 'really', 'most', 'the', 'not']","['so', 'really', 'the', 'most', 'more']",mask
619,10,65.0,7,is,2,7.07,8.204936360025501,3,unpleasant,10,3.8,10.97457889163446,11.119779586791992,10.789109230041504,0.3306703567504883,0.0689392037014525,0.22999685954377244,0.1610576558423199,1.1932346007911754,1.1997384730194054,0.006503872228230023,False,"['important', 'special', 'bad', 'funny', 'strange']","['important', 'special', 'funny', 'weird', 'bad']",mask
620,10,65.0,7,is,2,7.07,8.204936360025501,4,about,5,6.4,1.028931793952807,0.8145120143890381,5.8547749519348145,-5.040262937545776,3.461359254420644,3.673730606226114,0.2123713518054696,2.074529051103933,2.13640563593874,0.06187658483480752,False,"['?', 'that', 'when', ',', 'if']","['about', ',', 'in', 'with', '?']",mask
621,10,65.0,7,is,2,7.07,8.204936360025501,5,all,3,6.52,7.316653024644298,0.3888315260410309,0.5743803977966309,-0.18554887175559998,0.9628432779078916,1.159365022208184,0.19652174430029226,3.742004049645201,3.8222944620191748,0.08029041237397318,False,"['all', '?', 'what', '...', 'how']","['all', 'having', 'being', 'doing', '...']",mask
622,10,65.0,7,is,2,7.07,8.204936360025501,6,this,4,6.82,1.068575617216416,0.2955145835876465,0.41882264614105225,-0.12330806255340576,0.44502090503743263,0.5753429984657084,0.1303220934282757,2.1111651283674124,2.125576274437156,0.014411146069742305,False,"['this', 'that', 'it', 'these', 'there']","['this', 'the', 'that', 'these', 'of']",mask
623,10,65.0,8,the,3,7.73,4.032598697154909,0,what,4,6.38,0.0,0.04794611781835556,0.038860075175762177,0.009086042642593384,0.004540832790296799,0.01327698098607489,0.00873614819577809,-0.486293228014642,0.10759354563514609,0.593886773649788,False,"['what', 'whatever', 'who', 'which', 'that']","['what', 'whatever', 'who', 'something', 'it']",mask
624,10,65.0,8,the,3,7.73,4.032598697154909,1,is,2,7.07,5.067392613495786,0.05280532315373421,0.048671793192625046,0.004133529961109161,0.005983910158835594,0.011101789354809889,0.005117879195974295,-1.7664708607944142,0.015950775751341215,1.7824216365457555,False,"['is', 'seems', 'feels', 'was', 'makes']","['is', 'seems', 'feels', 'was', 'makes']",mask
625,10,65.0,8,the,3,7.73,4.032598697154909,2,so,2,6.52,7.045905151849227,0.06134413555264473,0.19998082518577576,-0.13863668963313103,0.12184644354130358,0.24269460915801472,0.12084816561671106,0.42330990164470766,0.5078274114713811,0.0845175098266735,False,"['so', 'most', 'really', 'not', 'more']","['so', 'really', 'most', 'the', 'not']",mask
626,10,65.0,8,the,3,7.73,4.032598697154909,3,unpleasant,10,3.8,10.97457889163446,10.789109230041504,10.422090530395508,0.3670186996459961,0.22819950310824794,0.4504571909775064,0.22225768786925848,-0.019497670036186503,0.22195303192249838,0.24145070195868484,False,"['special', 'important', 'great', 'strange', 'good']","['important', 'special', 'bad', 'funny', 'strange']",mask
627,10,65.0,8,the,3,7.73,4.032598697154909,4,about,5,6.4,1.028931793952807,5.8547749519348145,4.7396769523620605,1.115097999572754,0.2700059440302903,0.49633307714618957,0.22632713311589922,0.1349490420083082,0.3363731558682385,0.2014241138599302,False,"['?', 'that', ',', 'about', 'when']","['?', 'that', 'when', ',', 'if']",mask
628,10,65.0,8,the,3,7.73,4.032598697154909,5,all,3,6.52,7.316653024644298,0.5743803977966309,2.036245822906494,-1.4618654251098633,0.9485883316791156,1.336546847479846,0.3879585158007306,1.6577825855553028,1.7044560492290357,0.04667346367373277,False,"['all', '?', 'that', ',', 'being']","['all', '?', 'what', '...', 'how']",mask
629,10,65.0,8,the,3,7.73,4.032598697154909,6,this,4,6.82,1.068575617216416,0.41882264614105225,0.24610070884227753,0.17272193729877472,0.1005368989819463,0.20880670721008626,0.10826980822813993,-1.1724147314496838,0.0527848082010658,1.2251995396507493,False,"['this', 'that', 'these', 'things', 'it']","['this', 'that', 'it', 'these', 'there']",mask
630,10,65.0,8,the,3,7.73,4.032598697154909,7,is,2,7.07,8.204936360025501,10.218155860900879,8.554903984069824,1.6632518768310547,0.4275827255274558,0.4649960437036474,0.03741331817619155,-1.5311005313722272,0.3786817628333322,1.9097822942055598,False,"['?', ',', '-', '.', '...']","['?', ',', '...', '!', 'stuff']",mask
631,10,65.0,9,atmosphere,10,4.46,11.08973085456479,0,what,4,6.38,0.0,0.038860075175762177,0.004104178864508867,0.03475589631125331,0.0265043645449634,0.03465716324265633,0.008152798697692946,-4.226892614348788,9.979015760889468e-06,4.226902593364549,False,"['what', 'whatever', 'something', 'it', 'there']","['what', 'whatever', 'who', 'which', 'that']",mask
632,10,65.0,9,atmosphere,10,4.46,11.08973085456479,1,is,2,7.07,5.067392613495786,0.048671793192625046,0.014651568606495857,0.03402022458612919,0.019266221911197964,0.033712369591695435,0.014446147680497476,-4.601126278057338,6.19281126264186e-06,4.601132470868601,False,"['is', 'gets', 'feels', 'seems', 'was']","['is', 'seems', 'feels', 'was', 'makes']",mask
633,10,65.0,9,atmosphere,10,4.46,11.08973085456479,2,so,2,6.52,7.045905151849227,0.19998082518577576,0.4994930028915405,-0.29951217770576477,0.2080862392065018,0.4285064837791012,0.22042024457259946,-0.4973395411215166,0.19037969488935896,0.6877192360108757,False,"['so', 'really', 'most', 'not', 'truly']","['so', 'most', 'really', 'not', 'more']",mask
634,10,65.0,9,atmosphere,10,4.46,11.08973085456479,3,unpleasant,10,3.8,10.97457889163446,10.422090530395508,11.332401275634766,-0.9103107452392578,0.6558475859789362,0.8906235699810441,0.23477598400210767,-1.5066877881665837,0.10145948056667149,1.6081472687332548,False,"['special', 'different', 'strange', 'wonderful', 'weird']","['special', 'important', 'great', 'strange', 'good']",mask
635,10,65.0,9,atmosphere,10,4.46,11.08973085456479,4,about,5,6.4,1.028931793952807,4.7396769523620605,1.1827147006988525,3.556962251663208,1.4117561812264714,1.8024545265260876,0.39069834529961617,-1.889733398529945,0.008227122694665866,1.897960521224611,False,"['about', '?', 'in', ',', 'with']","['?', 'that', ',', 'about', 'when']",mask
636,10,65.0,9,atmosphere,10,4.46,11.08973085456479,5,all,3,6.52,7.316653024644298,2.036245822906494,1.0842396020889282,0.9520062208175659,0.3929922770291697,0.5568577803661529,0.16386550333698294,-0.9328025677978011,0.10336849715646639,1.0361710649542675,False,"['all', '?', 'it', ',', '...']","['all', '?', 'that', ',', 'being']",mask
637,10,65.0,9,atmosphere,10,4.46,11.08973085456479,6,this,4,6.82,1.068575617216416,0.24610070884227753,0.10042733699083328,0.14567337185144424,0.08966961386876908,0.16024687458098974,0.0705772607122206,-1.6807359516189313,0.10397478757963731,1.7847107391985686,False,"['this', 'that', 'these', 'things', 'it']","['this', 'that', 'these', 'things', 'it']",mask
638,10,65.0,9,atmosphere,10,4.46,11.08973085456479,7,is,2,7.07,8.204936360025501,8.554903984069824,6.677310466766357,1.8775935173034668,0.16345361881553122,0.27501636344781344,0.11156274463228208,-3.2678138536697596,0.0035548155396998567,3.2713686692094597,False,"['?', ',', '-', '.', 'in']","['?', ',', '-', '.', '...']",mask
639,10,65.0,9,atmosphere,10,4.46,11.08973085456479,8,the,3,7.73,4.032598697154909,4.650208950042725,0.1838870346546173,4.466321915388107,4.285899299750222,4.338010181112494,0.05211088136227169,-7.171054828237921,0.017077975163635295,7.1881328034015555,False,"['the', 'its', 'this', 'an', 'that']","['?', '.', ',', 'this', 'the']",mask
640,10,65.0,10,of,2,7.4,2.3370083392645147,0,what,4,6.38,0.0,0.004104178864508867,0.003294733352959156,0.0008094455115497112,0.00014571287146924463,0.0008078747233971384,0.0006621618519278934,-0.6707583143574453,5.874874820798745e-06,0.6707641892322659,False,"['what', 'whatever', 'something', 'it', 'all']","['what', 'whatever', 'something', 'it', 'there']",mask
641,10,65.0,10,of,2,7.4,2.3370083392645147,1,is,2,7.07,5.067392613495786,0.014651568606495857,0.01936129666864872,-0.0047097280621528625,0.0011578969865482485,0.0059537800945380775,0.004795883107989829,0.42227715868389504,0.42229583987966324,1.86811957681927e-05,False,"['is', 'feels', 'seems', 'was', 'gets']","['is', 'gets', 'feels', 'seems', 'was']",mask
642,10,65.0,10,of,2,7.4,2.3370083392645147,2,so,2,6.52,7.045905151849227,0.4994930028915405,0.6918261051177979,-0.19233310222625732,0.02963600692993693,0.15046023253750163,0.12082422560756471,0.15880939860553342,0.1850024552924226,0.026193056686889173,False,"['so', 'really', 'most', 'not', 'truly']","['so', 'really', 'most', 'not', 'truly']",mask
643,10,65.0,10,of,2,7.4,2.3370083392645147,3,unpleasant,10,3.8,10.97457889163446,11.332401275634766,12.070233345031738,-0.7378320693969727,0.04607962996304043,0.182721023954072,0.13664139399103153,-0.18098221535414832,0.001042415147582023,0.18202463050173032,False,"['special', 'different', 'strange', 'wonderful', 'beautiful']","['special', 'different', 'strange', 'wonderful', 'weird']",mask
644,10,65.0,10,of,2,7.4,2.3370083392645147,4,about,5,6.4,1.028931793952807,1.1827147006988525,0.9800988435745239,0.2026158571243286,0.019517715781220475,0.11406687559815454,0.09454915981693403,-0.06875471502795745,0.05287562463253453,0.12163033966049198,False,"['about', '?', 'in', ',', 'with']","['about', '?', 'in', ',', 'with']",mask
645,10,65.0,10,of,2,7.4,2.3370083392645147,5,all,3,6.52,7.316653024644298,1.0842396020889282,0.48557788133621216,0.5986617207527161,0.20567996821579332,0.4356757464419075,0.2299957782261142,-0.8514975830909122,0.0004067083423285288,0.8519042914332405,False,"['all', '?', 'it', '...', ',']","['all', '?', 'it', ',', '...']",mask
646,10,65.0,10,of,2,7.4,2.3370083392645147,6,this,4,6.82,1.068575617216416,0.10042733699083328,0.13505198061466217,-0.03462464362382889,0.007805815663342302,0.039901522027165535,0.032095706363823244,0.1658251494650481,0.1952215090147735,0.029396359549725467,False,"['this', 'that', 'these', 'things', 'day']","['this', 'that', 'these', 'things', 'it']",mask
647,10,65.0,10,of,2,7.4,2.3370083392645147,7,is,2,7.07,8.204936360025501,6.677310466766357,6.274176597595215,0.4031338691711426,0.015190409806903471,0.04855411290400655,0.033363703097103084,-0.4170776004137741,0.03333167537678313,0.4504092757905572,False,"['?', ',', '-', ':', 'is']","['?', ',', '-', '.', 'in']",mask
648,10,65.0,10,of,2,7.4,2.3370083392645147,8,the,3,7.73,4.032598697154909,0.1838870346546173,0.275232195854187,-0.0913451611995697,0.3438339960694974,0.47077162684135326,0.1269376307718557,-0.9132627093193536,0.0002044848307912529,0.9134671941501449,False,"['the', 'an', 'its', 'this', 'that']","['the', 'its', 'this', 'an', 'that']",mask
649,10,65.0,10,of,2,7.4,2.3370083392645147,9,atmosphere,10,4.46,11.08973085456479,13.868040084838867,9.868721008300781,3.999319076538086,2.813540617541638,3.0083192595375383,0.19477864199590003,-3.16826746290215,0.0007558844117379611,3.1690233473138876,False,"['death', 'thought', 'fear', 'memory', 'story']","['old', 'whole', 'same', 'new', 'very']",mask
650,10,65.0,11,blame,5,4.63,13.487923749814938,0,what,4,6.38,0.0,0.003294733352959156,0.001969599165022373,0.0013251341879367828,0.0003748622876904029,0.0013376323995157463,0.0009627701118253433,-0.03659850152848222,0.1047591943306271,0.14135769585910932,False,"['what', 'whatever', 'it', 'something', 'all']","['what', 'whatever', 'something', 'it', 'all']",mask
651,10,65.0,11,blame,5,4.63,13.487923749814938,1,is,2,7.07,5.067392613495786,0.01936129666864872,0.0336090549826622,-0.014247758314013481,0.005628044117381974,0.019603986590552805,0.01397594247317083,0.12135869572600305,0.2379015033514318,0.11654280762542872,False,"['is', 'feels', 'gets', 'seems', 'was']","['is', 'feels', 'seems', 'was', 'gets']",mask
652,10,65.0,11,blame,5,4.63,13.487923749814938,2,so,2,6.52,7.045905151849227,0.6918261051177979,0.8604758381843567,-0.16864973306655884,0.07642664202962585,0.20522597468351766,0.1287993326538918,-0.030446694522724922,0.16445443614518054,0.19490113066790543,False,"['so', 'most', 'really', 'particularly', 'truly']","['so', 'really', 'most', 'not', 'truly']",mask
653,10,65.0,11,blame,5,4.63,13.487923749814938,3,unpleasant,10,3.8,10.97457889163446,12.070233345031738,8.225885391235352,3.8443479537963867,0.7684943236887374,1.087462923722166,0.3189686000334286,0.9458290446152686,1.0299280347579671,0.08409899014269837,False,"['special', 'different', 'strange', 'striking', 'weird']","['special', 'different', 'strange', 'wonderful', 'beautiful']",mask
654,10,65.0,11,blame,5,4.63,13.487923749814938,4,about,5,6.4,1.028931793952807,0.9800988435745239,1.1644513607025146,-0.18435251712799072,0.09660002991589581,0.2752476331525175,0.17864760323662177,-0.06633720965213089,0.13296798898496423,0.19930519863709512,False,"['about', 'in', '?', ',', 'with']","['about', '?', 'in', ',', 'with']",mask
655,10,65.0,11,blame,5,4.63,13.487923749814938,5,all,3,6.52,7.316653024644298,0.48557788133621216,0.11858940869569778,0.3669884726405144,0.2125372713242538,0.33896831039033254,0.12643103906607872,-2.113264579836587,0.0061165681803407495,2.1193811480169273,False,"['all', '?', '...', ',', '-']","['all', '?', 'it', '...', ',']",mask
656,10,65.0,11,blame,5,4.63,13.487923749814938,6,this,4,6.82,1.068575617216416,0.13505198061466217,0.12218023836612701,0.012871742248535156,0.03727792220299486,0.054211553928395016,0.01693363172540014,-1.0374260618064601,0.22152819212637628,1.2589542539328362,False,"['this', 'that', 'these', 'death', 'things']","['this', 'that', 'these', 'things', 'day']",mask
657,10,65.0,11,blame,5,4.63,13.487923749814938,7,is,2,7.07,8.204936360025501,6.274176597595215,5.170685768127441,1.1034908294677734,0.016135904109162373,0.06302176608994246,0.04688586198078012,0.27559420463444784,0.3765886380024105,0.10099443336796267,False,"['?', ',', 'is', '-', ':']","['?', ',', '-', ':', 'is']",mask
658,10,65.0,11,blame,5,4.63,13.487923749814938,8,the,3,7.73,4.032598697154909,0.275232195854187,0.47702500224113464,-0.20179280638694763,0.059215700159489744,0.2043218923260889,0.14510619216659917,0.059619340670711875,0.24751252456063755,0.18789318388992568,False,"['the', 'an', 'its', 'this', 'that']","['the', 'an', 'its', 'this', 'that']",mask
659,10,65.0,11,blame,5,4.63,13.487923749814938,9,atmosphere,10,4.46,11.08973085456479,9.868721008300781,10.111658096313477,-0.2429370880126953,2.392903389973054,2.6821923170856485,0.28928892711259435,-1.3894105068975497,0.2723916013612192,1.661802108258769,False,"['feeling', 'sense', 'lack', 'weight', 'idea']","['death', 'thought', 'fear', 'memory', 'story']",mask
660,10,65.0,11,blame,5,4.63,13.487923749814938,10,of,2,7.4,2.3370083392645147,8.532522201538086,0.42426666617393494,8.108255535364151,6.355890436239873,6.49342996249723,0.13753952625735621,0.24781673972725557,0.9100385141838325,0.662221774456577,False,"['of', '.', '-', 'and', ':']","[',', '.', '-', ':', ';']",mask
661,10,65.0,12,in,2,7.27,6.7205832524032445,0,what,4,6.38,0.0,0.001969599165022373,0.0019666715525090694,2.9276125133037567e-06,2.962430210176096e-05,0.00015766785449499647,0.0001280435523932355,0.2856134765412242,0.28618957958234387,0.0005761030411196844,False,"['what', 'whatever', 'something', 'it', 'all']","['what', 'whatever', 'it', 'something', 'all']",mask
662,10,65.0,12,in,2,7.27,6.7205832524032445,1,is,2,7.07,5.067392613495786,0.0336090549826622,0.029772698879241943,0.0038363561034202576,0.0007168997861627571,0.004745778189584845,0.004028878403422086,0.024955824686747737,0.06047524305071368,0.035519418363965945,False,"['is', 'feels', 'gets', 'seems', 'was']","['is', 'feels', 'gets', 'seems', 'was']",mask
663,10,65.0,12,in,2,7.27,6.7205832524032445,2,so,2,6.52,7.045905151849227,0.8604758381843567,0.7326192259788513,0.12785661220550537,0.01277347793504148,0.0887101009036457,0.07593662296860423,-0.03748251356706327,0.008523634669966584,0.046006148237029865,False,"['so', 'most', 'really', 'particularly', 'truly']","['so', 'most', 'really', 'particularly', 'truly']",mask
664,10,65.0,12,in,2,7.27,6.7205832524032445,3,unpleasant,10,3.8,10.97457889163446,8.225885391235352,8.061442375183105,0.1644430160522461,0.06717167233168296,0.2085557567032865,0.1413840843716035,-0.2816861664719546,0.0006113885500147769,0.28229755502196935,False,"['special', 'different', 'strange', 'funny', 'weird']","['special', 'different', 'strange', 'striking', 'weird']",mask
665,10,65.0,12,in,2,7.27,6.7205832524032445,4,about,5,6.4,1.028931793952807,1.1644513607025146,0.821536660194397,0.3429147005081177,0.08724043229974636,0.24740053834917677,0.1601601060494304,0.2156091933558547,0.21776219660427215,0.002153003248417439,False,"['about', '?', 'in', ',', 'with']","['about', 'in', '?', ',', 'with']",mask
666,10,65.0,12,in,2,7.27,6.7205832524032445,5,all,3,6.52,7.316653024644298,0.11858940869569778,0.19275720417499542,-0.07416779547929764,0.020930539708196614,0.08584715695027528,0.06491661724207867,0.5240266619224259,0.5240368777977981,1.021587537231106e-05,False,"['all', '?', '...', ',', '-']","['all', '?', '...', ',', '-']",mask
667,10,65.0,12,in,2,7.27,6.7205832524032445,6,this,4,6.82,1.068575617216416,0.12218023836612701,0.11878062039613724,0.0033996179699897766,0.0023640666164209414,0.010295001821272744,0.007930935204851804,0.37724585403974104,0.3804001838666994,0.0031543298269583737,False,"['this', 'that', 'these', 'death', 'things']","['this', 'that', 'these', 'death', 'things']",mask
668,10,65.0,12,in,2,7.27,6.7205832524032445,7,is,2,7.07,8.204936360025501,5.170685768127441,5.009271144866943,0.16141462326049805,0.014088739860627265,0.02657928378704365,0.012490543926416384,0.19709631595502614,0.22119027326800192,0.02409395731297578,False,"['?', ',', 'is', '-', ':']","['?', ',', 'is', '-', ':']",mask
669,10,65.0,12,in,2,7.27,6.7205832524032445,8,the,3,7.73,4.032598697154909,0.47702500224113464,0.2193545252084732,0.25767047703266144,0.0839898845490774,0.22156057318267347,0.13757068863359606,-0.1311224076421271,0.016934099153164045,0.14805650679529114,False,"['the', 'an', 'its', 'this', 'that']","['the', 'an', 'its', 'this', 'that']",mask
670,10,65.0,12,in,2,7.27,6.7205832524032445,9,atmosphere,10,4.46,11.08973085456479,10.111658096313477,10.600715637207031,-0.4890575408935547,0.33584668173557236,0.5759032589463702,0.24005657721079776,-0.635645727860426,0.004779620234285004,0.6404253480947111,False,"['sense', 'feeling', 'lack', 'weight', 'absence']","['feeling', 'sense', 'lack', 'weight', 'idea']",mask
671,10,65.0,12,in,2,7.27,6.7205832524032445,10,of,2,7.4,2.3370083392645147,0.42426666617393494,0.09833750873804092,0.325929157435894,0.1998121203309362,0.3059778193456528,0.10616569901471665,-1.731407394935973,0.0009276267899678664,1.7323350217259406,False,"['of', '.', 'and', ',', ':']","['of', '.', '-', 'and', ':']",mask
672,10,65.0,12,in,2,7.27,6.7205832524032445,11,blame,5,4.63,13.487923749814938,16.263486862182617,14.182327270507812,2.0811595916748047,0.5330584769789047,0.7929240921843479,0.25986561520544327,-4.333333606905829,0.0013872182113957732,4.3347208251172225,False,"['life', 'death', 'war', 'it', 'being']","['it', 'death', 'war', '...', 'sex']",mask
673,10,65.0,13,which,5,6.3,4.315448687889257,0,what,4,6.38,0.0,0.0019666715525090694,0.0010861351620405912,0.0008805363904684782,0.0002823119622226537,0.0009000516353311017,0.0006177396731084477,-0.944711723113972,0.0033228140885322565,0.9480345372025043,False,"['what', 'whatever', 'something', 'it', 'which']","['what', 'whatever', 'something', 'it', 'all']",mask
674,10,65.0,13,which,5,6.3,4.315448687889257,1,is,2,7.07,5.067392613495786,0.029772698879241943,0.023437099531292915,0.006335599347949028,0.0019747776112984785,0.008117736504364637,0.00614295889306616,-0.13582127489787946,0.0977764026829432,0.23359767758082267,False,"['is', 'seems', 'gets', 'feels', 'was']","['is', 'feels', 'gets', 'seems', 'was']",mask
675,10,65.0,13,which,5,6.3,4.315448687889257,2,so,2,6.52,7.045905151849227,0.7326192259788513,1.5862727165222168,-0.8536534905433655,0.2724610571977644,0.5586750342796809,0.28621397708191637,0.1796659519638001,0.33374988991714366,0.15408393795334355,False,"['so', 'most', 'really', 'particularly', 'especially']","['so', 'most', 'really', 'particularly', 'truly']",mask
676,10,65.0,13,which,5,6.3,4.315448687889257,3,unpleasant,10,3.8,10.97457889163446,8.061442375183105,8.6639986038208,-0.6025562286376953,0.2118997279363277,0.4207023084756576,0.2088025805393299,-0.10814320080508,0.13910250383113576,0.24724570463621573,False,"['special', 'different', 'important', 'striking', 'strange']","['special', 'different', 'strange', 'funny', 'weird']",mask
677,10,65.0,13,which,5,6.3,4.315448687889257,4,about,5,6.4,1.028931793952807,0.821536660194397,0.5548315644264221,0.26670509576797485,0.092549515588153,0.22650058291227262,0.13395106732411968,-0.4500900619205037,0.024628684858206854,0.47471874677871073,False,"['about', 'in', '?', ',', 'with']","['about', '?', 'in', ',', 'with']",mask
678,10,65.0,13,which,5,6.3,4.315448687889257,5,all,3,6.52,7.316653024644298,0.19275720417499542,0.24428486824035645,-0.05152766406536102,0.03773743616426838,0.10179355148258246,0.06405611531831411,0.38170303688182916,0.47311338417836585,0.09141034729653667,False,"['all', '?', '...', 'doing', ',']","['all', '?', '...', ',', '-']",mask
679,10,65.0,13,which,5,6.3,4.315448687889257,6,this,4,6.82,1.068575617216416,0.11878062039613724,0.2108413130044937,-0.09206069260835648,0.059960156607785565,0.14044719105207093,0.08048703444428536,0.47386401927543587,0.5636526783414986,0.08978865906606259,False,"['this', 'that', 'these', 'blame', 'things']","['this', 'that', 'these', 'death', 'things']",mask
680,10,65.0,13,which,5,6.3,4.315448687889257,7,is,2,7.07,8.204936360025501,5.009271144866943,3.379781484603882,1.6294896602630615,0.104155791276714,0.2602659384643912,0.15611014718767718,0.25848062071337174,0.3672828141013825,0.10880219338801075,False,"['?', 'is', ',', '-', ':']","['?', ',', 'is', '-', ':']",mask
681,10,65.0,13,which,5,6.3,4.315448687889257,8,the,3,7.73,4.032598697154909,0.2193545252084732,0.7170696258544922,-0.497715100646019,0.34389696294693245,0.655032361024375,0.31113539807744234,-0.4742922996318314,0.13659119933745514,0.6108834989692866,False,"['the', 'an', 'this', 'its', 'that']","['the', 'an', 'its', 'this', 'that']",mask
682,10,65.0,13,which,5,6.3,4.315448687889257,9,atmosphere,10,4.46,11.08973085456479,10.600715637207031,6.605147361755371,3.99556827545166,1.89648099545235,2.240006743625078,0.3435257481727281,0.08016102496831953,0.5104692863741397,0.4303082614058201,False,"['sense', 'state', 'process', 'heap', 'form']","['sense', 'feeling', 'lack', 'weight', 'absence']",mask
683,10,65.0,13,which,5,6.3,4.315448687889257,10,of,2,7.4,2.3370083392645147,0.09833750873804092,0.008435424417257309,0.08990208432078362,0.07716389239293565,0.09041123680085604,0.013247344407920423,-3.4594976138985762,0.00017617197936396222,3.45967378587794,False,"['of', 'and', 'under', 'or', 'for']","['of', '.', 'and', ',', ':']",mask
684,10,65.0,13,which,5,6.3,4.315448687889257,11,blame,5,4.63,13.487923749814938,14.182327270507812,15.52408504486084,-1.3417577743530273,0.37170962696568993,0.6180274777261465,0.2463178507604566,-0.6904696045993963,0.1425224061511556,0.8329920107505518,False,"['death', 'war', 'silence', 'it', 'freedom']","['life', 'death', 'war', 'it', 'being']",mask
685,10,65.0,13,which,5,6.3,4.315448687889257,12,in,2,7.27,6.7205832524032445,11.268710136413574,3.412019968032837,7.856690168380737,1.3691727772421705,1.6269853886369672,0.25781261139479683,0.19365940465475803,0.7682058914908965,0.5745464868361385,False,"[',', 'in', '.', '-', ';']","['.', ',', '-', ':', ';']",mask
686,10,65.0,14,it,2,6.95,3.0013969172287944,0,what,4,6.38,0.0,0.0010861351620405912,0.0018109094817191362,-0.000724774319678545,0.00028913625310436603,0.0010248857298554557,0.0007357494767510892,0.12892599212240852,0.1950305490293933,0.06610455690698475,False,"['what', 'whatever', 'something', 'it', 'that']","['what', 'whatever', 'something', 'it', 'which']",mask
687,10,65.0,14,it,2,6.95,3.0013969172287944,1,is,2,7.07,5.067392613495786,0.023437099531292915,0.01799808256328106,0.005439016968011856,0.0011939475515034175,0.005702165172579301,0.004508217621075884,-0.3860078217283123,0.003212973495693588,0.3892207952240059,False,"['is', 'seems', 'gets', 'was', 'feels']","['is', 'seems', 'gets', 'feels', 'was']",mask
688,10,65.0,14,it,2,6.95,3.0013969172287944,2,so,2,6.52,7.045905151849227,1.5862727165222168,1.6511863470077515,-0.06491363048553467,0.025769730060751686,0.12104341356081776,0.09527368350006608,-0.02114818669215192,0.08740206925702886,0.10855025594918076,False,"['so', 'most', 'really', 'particularly', 'truly']","['so', 'most', 'really', 'particularly', 'especially']",mask
689,10,65.0,14,it,2,6.95,3.0013969172287944,3,unpleasant,10,3.8,10.97457889163446,8.6639986038208,9.055030822753906,-0.39103221893310547,0.06491862655053295,0.2021086134241825,0.1371899868736496,0.045150119815130674,0.16624921299978243,0.12109909318465174,False,"['special', 'different', 'striking', 'strange', 'peculiar']","['special', 'different', 'important', 'striking', 'strange']",mask
690,10,65.0,14,it,2,6.95,3.0013969172287944,4,about,5,6.4,1.028931793952807,0.5548315644264221,0.4365643262863159,0.1182672381401062,0.017322168438327352,0.0944734585365883,0.07715129009826092,-0.14579294822709438,0.019810890465730206,0.16560383869282458,False,"['about', 'in', '?', ',', 'with']","['about', 'in', '?', ',', 'with']",mask
691,10,65.0,14,it,2,6.95,3.0013969172287944,5,all,3,6.52,7.316653024644298,0.24428486824035645,0.20786067843437195,0.0364241898059845,0.013684731922921493,0.05138366011441537,0.03769892819149388,-0.30444777452493804,0.04308296644363561,0.3475307409685737,False,"['all', 'doing', '...', '?', 'being']","['all', '?', '...', 'doing', ',']",mask
692,10,65.0,14,it,2,6.95,3.0013969172287944,6,this,4,6.82,1.068575617216416,0.2108413130044937,0.20913559198379517,0.0017057210206985474,0.013612856387492501,0.03242876523301753,0.018815908845525024,0.0676774794392985,0.2679688714532153,0.2002913920139168,False,"['this', 'that', 'these', 'blame', 'things']","['this', 'that', 'these', 'blame', 'things']",mask
693,10,65.0,14,it,2,6.95,3.0013969172287944,7,is,2,7.07,8.204936360025501,3.379781484603882,2.604332685470581,0.7754487991333008,0.035221964673007485,0.1334526341833782,0.09823066951037071,-0.2952676288320259,0.09774912152697462,0.3930167503590005,False,"['?', 'is', ',', '-', ':']","['?', 'is', ',', '-', ':']",mask
694,10,65.0,14,it,2,6.95,3.0013969172287944,8,the,3,7.73,4.032598697154909,0.7170696258544922,0.10087019205093384,0.6161994338035583,0.43563506954600356,0.574650246627311,0.13901517708130728,-0.8842479061134473,0.019160179310619616,0.9034080854240671,False,"['the', 'an', 'this', 'its', 'that']","['the', 'an', 'this', 'its', 'that']",mask
695,10,65.0,14,it,2,6.95,3.0013969172287944,9,atmosphere,10,4.46,11.08973085456479,6.605147361755371,7.455070972442627,-0.8499236106872559,0.3239617626199573,0.5698437788151182,0.24588201619516079,-0.04840903333366573,0.18828978989603928,0.236698823229705,False,"['sense', 'kind', 'form', 'state', 'amount']","['sense', 'state', 'process', 'heap', 'form']",mask
696,10,65.0,14,it,2,6.95,3.0013969172287944,10,of,2,7.4,2.3370083392645147,0.008435424417257309,0.009433669969439507,-0.0009982455521821976,0.0014492432463230978,0.0037268995886668623,0.002277656342343765,-0.4663429260745117,0.026839299989519175,0.4931822260640309,False,"['of', 'and', 'or', 'under', 'for']","['of', 'and', 'under', 'or', 'for']",mask
697,10,65.0,14,it,2,6.95,3.0013969172287944,11,blame,5,4.63,13.487923749814938,15.52408504486084,15.056859016418457,0.4672260284423828,0.201528515256886,0.42349519319824214,0.2219666779413561,0.20514017477829574,0.26458647649456113,0.05944630171626538,False,"['death', 'war', 'terror', 'horror', 'life']","['death', 'war', 'silence', 'it', 'freedom']",mask
698,10,65.0,14,it,2,6.95,3.0013969172287944,12,in,2,7.27,6.7205832524032445,3.412019968032837,0.49366939067840576,2.918350577354431,2.6237051747448854,2.8929103167150223,0.269205141970137,0.04956548469872742,0.352338877982068,0.3027733932833406,False,"['in', ',', 'within', 'into', 'from']","[',', 'in', '.', '-', ';']",mask
699,10,65.0,14,it,2,6.95,3.0013969172287944,13,which,5,6.3,4.315448687889257,9.14441967010498,0.7488464117050171,8.395573258399963,5.6096186427834365,5.797289427338235,0.18767078455479638,-3.7113237055840815,0.0435694065826181,3.7548931121667,False,"['which', '.', 'all', '-', 'what']","['the', ',', 'it', 'this', '.']",mask
700,10,65.0,15,is,2,7.07,1.3081637437765874,0,what,4,6.38,0.0,0.0018109094817191362,0.0019145768601447344,-0.00010366737842559814,8.58699388705194e-06,0.00011264668065500964,0.0001040596867679577,0.1795086750868235,0.18164274694283775,0.0021340718560142096,False,"['what', 'whatever', 'something', 'it', 'which']","['what', 'whatever', 'something', 'it', 'that']",mask
701,10,65.0,15,is,2,7.07,1.3081637437765874,1,is,2,7.07,5.067392613495786,0.01799808256328106,0.013857630081474781,0.004140452481806278,0.0009118973145013981,0.0042264860814292746,0.0033145887669278743,0.04948743451466199,0.09458273612338286,0.04509530160872088,False,"['is', 'seems', 'gets', 'feels', 'was']","['is', 'seems', 'gets', 'was', 'feels']",mask
702,10,65.0,15,is,2,7.07,1.3081637437765874,2,so,2,6.52,7.045905151849227,1.6511863470077515,1.7599008083343506,-0.10871446132659912,0.005199289526898232,0.051663808458165525,0.046464518931267275,0.3308309787202815,0.33086449668877593,3.3517968494460056e-05,False,"['so', 'most', 'really', 'particularly', 'not']","['so', 'most', 'really', 'particularly', 'truly']",mask
703,10,65.0,15,is,2,7.07,1.3081637437765874,3,unpleasant,10,3.8,10.97457889163446,9.055030822753906,8.895567893981934,0.15946292877197266,0.013369026749458356,0.08926862910973629,0.07589960236027793,0.27963190497585105,0.28020778011896247,0.0005758751431114371,False,"['special', 'different', 'striking', 'important', 'strange']","['special', 'different', 'striking', 'strange', 'peculiar']",mask
704,10,65.0,15,is,2,7.07,1.3081637437765874,4,about,5,6.4,1.028931793952807,0.4365643262863159,0.5316492915153503,-0.09508496522903442,0.0097907863704095,0.07597017760387864,0.06617939123346914,0.566439437184454,0.566456805561349,1.7368376895022706e-05,False,"['about', 'in', '?', ',', 'of']","['about', 'in', '?', ',', 'with']",mask
705,10,65.0,15,is,2,7.07,1.3081637437765874,5,all,3,6.52,7.316653024644298,0.20786067843437195,0.2682208716869354,-0.06036019325256348,0.010444295812609488,0.06181850958498611,0.05137421377237663,0.4134094776210387,0.4149105366184907,0.0015010589974521053,False,"['all', 'doing', '...', '?', '-']","['all', 'doing', '...', '?', 'being']",mask
706,10,65.0,15,is,2,7.07,1.3081637437765874,6,this,4,6.82,1.068575617216416,0.20913559198379517,0.2361394613981247,-0.02700386941432953,0.004972572138159041,0.031108446953505828,0.026135874815346793,0.2990976096285722,0.3018718362287841,0.0027742266002119174,False,"['this', 'that', 'blame', 'these', 'things']","['this', 'that', 'these', 'blame', 'things']",mask
707,10,65.0,15,is,2,7.07,1.3081637437765874,7,is,2,7.07,8.204936360025501,2.604332685470581,2.137495279312134,0.46683740615844727,0.020987557508778426,0.11596194522169694,0.09497438771291851,0.49840222522185107,0.502509134894578,0.0041069096727269746,False,"['?', 'is', ',', '-', ':']","['?', 'is', ',', '-', ':']",mask
708,10,65.0,15,is,2,7.07,1.3081637437765874,8,the,3,7.73,4.032598697154909,0.10087019205093384,0.15789735317230225,-0.05702716112136841,0.015710543636968295,0.06684983247519295,0.051139288838224654,0.4650908964262797,0.465327984237434,0.00023708781115432478,False,"['the', 'an', 'this', 'its', 'that']","['the', 'an', 'this', 'its', 'that']",mask
709,10,65.0,15,is,2,7.07,1.3081637437765874,9,atmosphere,10,4.46,11.08973085456479,7.455070972442627,6.962975978851318,0.4920949935913086,0.049350221134663835,0.18174766968870937,0.13239744855404553,0.10328771163370648,0.1737610718761185,0.07047336024241202,False,"['sense', 'form', 'state', 'kind', 'process']","['sense', 'kind', 'form', 'state', 'amount']",mask
710,10,65.0,15,is,2,7.07,1.3081637437765874,10,of,2,7.4,2.3370083392645147,0.009433669969439507,0.007716825231909752,0.0017168447375297546,0.0002724260724279521,0.0018627980930685144,0.0015903720206405627,-0.28621573029022923,0.0015418345023914001,0.28775756479262066,False,"['of', 'and', 'or', 'for', 'under']","['of', 'and', 'or', 'under', 'for']",mask
711,10,65.0,15,is,2,7.07,1.3081637437765874,11,blame,5,4.63,13.487923749814938,15.056859016418457,15.104360580444336,-0.047501564025878906,0.020605667835389672,0.1116021977761619,0.09099652994077222,0.015825321383742007,0.07773688833167486,0.06191156694793285,False,"['death', 'war', 'terror', 'horror', 'it']","['death', 'war', 'terror', 'horror', 'life']",mask
712,10,65.0,15,is,2,7.07,1.3081637437765874,12,in,2,7.27,6.7205832524032445,0.49366939067840576,0.3866213858127594,0.10704800486564636,0.040807476145134094,0.11830925903871475,0.07750178289358063,-0.09735910099093918,0.10716941409041088,0.20452851508135006,False,"['in', 'into', 'within', ',', 'under']","['in', ',', 'within', 'into', 'from']",mask
713,10,65.0,15,is,2,7.07,1.3081637437765874,13,which,5,6.3,4.315448687889257,0.7488464117050171,0.3630450963973999,0.3858013153076172,0.25406694151033893,0.3848870655266935,0.13082012401635462,-1.2398436232533196,0.04436672020041847,1.284210343453738,False,"['which', '.', 'that', 'it', 'what']","['which', '.', 'all', '-', 'what']",mask
714,10,65.0,15,is,2,7.07,1.3081637437765874,14,it,2,6.95,3.0013969172287944,4.444518089294434,2.5708658695220947,1.8736522197723389,1.2889711863157212,1.3837661733127982,0.09479498699707696,-7.310537046446427,0.003905325336108753,7.314442371782536,False,"['there', 'it', 'everyone', 'blame', 'he']","['there', 'we', 'is', 'you', 'it']",mask
715,10,65.0,16,carried,7,4.77,7.017450162554626,0,what,4,6.38,0.0,0.0019145768601447344,0.0016975211910903454,0.000217055669054389,2.4414936402856667e-05,0.0002394303358924346,0.00021501539948957802,0.26622358075855496,0.28292300214530547,0.01669942138675051,False,"['what', 'whatever', 'something', 'it', 'which']","['what', 'whatever', 'something', 'it', 'which']",mask
716,10,65.0,16,carried,7,4.77,7.017450162554626,1,is,2,7.07,5.067392613495786,0.013857630081474781,0.012653660960495472,0.001203969120979309,0.00033945762253390484,0.002043772630767844,0.0017043150082339392,0.40081873399219337,0.4114655313939435,0.010646797401750164,False,"['is', 'seems', 'gets', 'feels', 'was']","['is', 'seems', 'gets', 'feels', 'was']",mask
717,10,65.0,16,carried,7,4.77,7.017450162554626,2,so,2,6.52,7.045905151849227,1.7599008083343506,2.274135112762451,-0.5142343044281006,0.0646253244217942,0.23009752967655267,0.1654722052547585,-0.1691285691701202,0.03335643497747039,0.20248500414759055,False,"['most', 'so', 'particularly', 'really', 'especially']","['so', 'most', 'really', 'particularly', 'not']",mask
718,10,65.0,16,carried,7,4.77,7.017450162554626,3,unpleasant,10,3.8,10.97457889163446,8.895567893981934,8.702988624572754,0.1925792694091797,0.07916752274791422,0.2401185449878276,0.16095102223991334,-0.03483530101854453,0.1400283031147459,0.17486360413329044,False,"['special', 'striking', 'remarkable', 'important', 'different']","['special', 'different', 'striking', 'important', 'strange']",mask
719,10,65.0,16,carried,7,4.77,7.017450162554626,4,about,5,6.4,1.028931793952807,0.5316492915153503,0.3647654354572296,0.16688385605812073,0.0400813786170622,0.13519514385608264,0.09511376523902038,-0.46746021202803445,0.0008841277208884174,0.4683443397489228,False,"['about', 'in', '?', 'of', ',']","['about', 'in', '?', ',', 'of']",mask
720,10,65.0,16,carried,7,4.77,7.017450162554626,5,all,3,6.52,7.316653024644298,0.2682208716869354,0.5224243998527527,-0.25420352816581726,0.09081285129876272,0.2682130637869392,0.17740021248817653,0.7038252692815896,0.7059558892715752,0.0021306199899853995,False,"['all', '...', 'doing', '?', '-']","['all', 'doing', '...', '?', '-']",mask
721,10,65.0,16,carried,7,4.77,7.017450162554626,6,this,4,6.82,1.068575617216416,0.2361394613981247,0.2130405604839325,0.0230989009141922,0.008732979963288486,0.03270788162020831,0.023974901656919827,-0.6411000386309114,0.023218369428324847,0.664318408059236,False,"['this', 'that', 'blame', 'these', 'things']","['this', 'that', 'blame', 'these', 'things']",mask
722,10,65.0,16,carried,7,4.77,7.017450162554626,7,is,2,7.07,8.204936360025501,2.137495279312134,2.1151461601257324,0.022349119186401367,0.016571681415107443,0.08225502824519025,0.06568334683008277,0.5295974060624428,0.5670873268426552,0.03748992078021244,False,"['?', 'is', ',', ':', '-']","['?', 'is', ',', '-', ':']",mask
723,10,65.0,16,carried,7,4.77,7.017450162554626,8,the,3,7.73,4.032598697154909,0.15789735317230225,0.09739993512630463,0.06049741804599762,0.01437764143616954,0.05655459277917127,0.04217695134300172,-0.4338914193408257,0.0020446745338250877,0.4359360938746508,False,"['the', 'an', 'its', 'this', 'that']","['the', 'an', 'this', 'its', 'that']",mask
724,10,65.0,16,carried,7,4.77,7.017450162554626,9,atmosphere,10,4.46,11.08973085456479,6.962975978851318,7.533799648284912,-0.5708236694335938,0.234036837416877,0.46598200314687255,0.23194516572999557,-0.520577022180667,0.10419775841556363,0.6247747805962305,False,"['form', 'sense', 'state', 'process', 'kind']","['sense', 'form', 'state', 'kind', 'process']",mask
725,10,65.0,16,carried,7,4.77,7.017450162554626,10,of,2,7.4,2.3370083392645147,0.007716825231909752,0.009813611395657063,-0.0020967861637473106,0.0006004266937750044,0.002994086835270135,0.002393660141495131,-0.22647438052009483,0.06642461877923417,0.292898999299329,False,"['of', 'and', 'or', 'for', 'in']","['of', 'and', 'or', 'for', 'under']",mask
726,10,65.0,16,carried,7,4.77,7.017450162554626,11,blame,5,4.63,13.487923749814938,15.104360580444336,14.745333671569824,0.3590269088745117,0.34549367929300584,0.6028988249878267,0.257405145694821,-0.5174152871959282,0.1144211085411851,0.6318363957371131,False,"['death', 'terror', 'war', 'danger', 'fear']","['death', 'war', 'terror', 'horror', 'it']",mask
727,10,65.0,16,carried,7,4.77,7.017450162554626,12,in,2,7.27,6.7205832524032445,0.3866213858127594,0.5289335250854492,-0.14231213927268982,0.25507072791575847,0.4031362185100538,0.14806549059429538,-2.2825007500957706,0.0006948081136972208,2.2831955582094676,False,"['in', 'into', 'through', 'within', 'under']","['in', 'into', 'within', ',', 'under']",mask
728,10,65.0,16,carried,7,4.77,7.017450162554626,13,which,5,6.3,4.315448687889257,0.3630450963973999,0.010455731302499771,0.35258936509490013,0.3224596767451442,0.35004326005753206,0.02758358331238779,-5.355682212552384,1.071439027450233e-05,5.355692926942659,False,"['which', 'that', 'how', '.', 'when']","['which', '.', 'that', 'it', 'what']",mask
729,10,65.0,16,carried,7,4.77,7.017450162554626,14,it,2,6.95,3.0013969172287944,2.5708658695220947,1.2823692560195923,1.2884966135025024,1.6654146466001658,1.7746280044625318,0.10921335786236566,-2.1098408297684905,0.029144251005341154,2.1389850807738315,False,"['it', 'blame', 'guilt', 'grief', 'evil']","['there', 'it', 'everyone', 'blame', 'he']",mask
730,10,65.0,16,carried,7,4.77,7.017450162554626,15,is,2,7.07,1.3081637437765874,3.976884365081787,0.05620702728629112,3.920677337795496,3.880986215267474,3.8860488913821225,0.005062676114649225,-10.020465515447428,0.01346531120397475,10.033930826651401,False,"['is', 'was', 'has', 'gets', 'are']","['occurs', 'happens', 'lies', 'falls', 'is']",mask
731,10,65.0,17,out,3,6.38,2.0668413752752377,0,what,4,6.38,0.0,0.0016975211910903454,0.0014375450555235147,0.00025997613556683064,2.396948202001127e-05,0.0002597768140946882,0.00023580733207467685,-0.36617496351975715,1.4957613868515172e-06,0.36617645928114406,False,"['what', 'whatever', 'something', 'it', 'which']","['what', 'whatever', 'something', 'it', 'which']",mask
732,10,65.0,17,out,3,6.38,2.0668413752752377,1,is,2,7.07,5.067392613495786,0.012653660960495472,0.012791771441698074,-0.0001381104812026024,7.966401714768793e-05,0.0007520956677406789,0.000672431650592991,-0.24233921239696837,7.260965405053721e-05,0.24241182205101888,False,"['is', 'seems', 'gets', 'feels', 'was']","['is', 'seems', 'gets', 'feels', 'was']",mask
733,10,65.0,17,out,3,6.38,2.0668413752752377,2,so,2,6.52,7.045905151849227,2.274135112762451,2.5847694873809814,-0.3106343746185303,0.021078535446157454,0.12553689665344148,0.10445836120728402,-0.09694530365588436,0.0009280095196389407,0.0978733131755233,False,"['most', 'so', 'particularly', 'really', 'especially']","['most', 'so', 'particularly', 'really', 'especially']",mask
734,10,65.0,17,out,3,6.38,2.0668413752752377,3,unpleasant,10,3.8,10.97457889163446,8.702988624572754,9.41974925994873,-0.7167606353759766,0.038953469703895696,0.1550056321674016,0.11605216246350586,-0.3879728063665943,6.940268662582775e-05,0.3880422090532201,False,"['special', 'striking', 'remarkable', 'important', 'different']","['special', 'striking', 'remarkable', 'important', 'different']",mask
735,10,65.0,17,out,3,6.38,2.0668413752752377,4,about,5,6.4,1.028931793952807,0.3647654354572296,0.2935933470726013,0.0711720883846283,0.009183837237908396,0.06162697235748904,0.05244313511958064,-0.1889805081255692,0.009940414804512354,0.19892092293008154,False,"['about', 'in', '?', 'of', ',']","['about', 'in', '?', 'of', ',']",mask
736,10,65.0,17,out,3,6.38,2.0668413752752377,5,all,3,6.52,7.316653024644298,0.5224243998527527,0.5529886484146118,-0.03056424856185913,0.015150794906238458,0.06461487076063892,0.04946407585440045,-0.06857088612674378,0.052226145486386516,0.12079703161313028,False,"['all', 'doing', '?', '...', '-']","['all', '...', 'doing', '?', '-']",mask
737,10,65.0,17,out,3,6.38,2.0668413752752377,6,this,4,6.82,1.068575617216416,0.2130405604839325,0.1529589146375656,0.06008164584636688,0.018811920922602837,0.06512521870197643,0.04631329777937361,-0.6038326502049586,0.00014150817212800102,0.6039741583770866,False,"['this', 'that', 'blame', 'these', 'murder']","['this', 'that', 'blame', 'these', 'things']",mask
738,10,65.0,17,out,3,6.38,2.0668413752752377,7,is,2,7.07,8.204936360025501,2.1151461601257324,2.3554465770721436,-0.24030041694641113,0.006284952222603647,0.05464361586436749,0.04835866364176385,0.05076173275230312,0.06530068271309095,0.014538949960787808,False,"['?', 'is', ',', ':', '-']","['?', 'is', ',', ':', '-']",mask
739,10,65.0,17,out,3,6.38,2.0668413752752377,8,the,3,7.73,4.032598697154909,0.09739993512630463,0.07530581206083298,0.02209412306547165,0.002897272719149054,0.020972678909987,0.01807540619083794,-0.1789848460886829,0.0004855671392750942,0.17947041322795798,False,"['the', 'an', 'this', 'its', 'that']","['the', 'an', 'its', 'this', 'that']",mask
740,10,65.0,17,out,3,6.38,2.0668413752752377,9,atmosphere,10,4.46,11.08973085456479,7.533799648284912,6.691068649291992,0.8427309989929199,0.23674112209606124,0.44665275966887247,0.20991163757281123,-0.20331485676862712,0.055591033022955594,0.2589058897915827,False,"['form', 'process', 'sense', 'system', 'manner']","['form', 'sense', 'state', 'process', 'kind']",mask
741,10,65.0,17,out,3,6.38,2.0668413752752377,10,of,2,7.4,2.3370083392645147,0.009813611395657063,0.009219893254339695,0.0005937181413173676,6.994388365241501e-05,0.0008355352175940658,0.0007655913339416508,-0.003925292973028233,0.07175508290669938,0.07568037587972762,False,"['of', 'and', 'or', 'for', '.']","['of', 'and', 'or', 'for', 'in']",mask
742,10,65.0,17,out,3,6.38,2.0668413752752377,11,blame,5,4.63,13.487923749814938,14.745333671569824,16.19815444946289,-1.4528207778930664,1.1863737048320981,1.5293972409944916,0.34302353616239367,-0.7737222437907695,0.0029146346345746824,0.7766368784253441,False,"['war', 'terror', 'violence', 'action', 'death']","['death', 'terror', 'war', 'danger', 'fear']",mask
743,10,65.0,17,out,3,6.38,2.0668413752752377,12,in,2,7.27,6.7205832524032445,0.5289335250854492,0.15866130590438843,0.3702722191810608,0.26282106561940194,0.3467485762418842,0.08392751062248233,-1.3882044642798625,0.0015214849207342502,1.3897259492005967,False,"['in', 'under', 'within', 'through', 'into']","['in', 'into', 'through', 'within', 'under']",mask
744,10,65.0,17,out,3,6.38,2.0668413752752377,13,which,5,6.3,4.315448687889257,0.010455731302499771,0.023204635828733444,-0.012748904526233673,0.00785004039024504,0.020558010118477396,0.012707969728232349,0.2401032075811005,0.24261024049952767,0.002507032918427182,False,"['which', 'that', 'how', 'case', '.']","['which', 'that', 'how', '.', 'when']",mask
745,10,65.0,17,out,3,6.38,2.0668413752752377,14,it,2,6.95,3.0013969172287944,1.2823692560195923,0.6463519930839539,0.6360172629356384,0.7946718198299914,0.9842472308338677,0.18957541100387656,-0.3431215303630485,0.18685392400519255,0.529975454368241,False,"['it', 'justice', 'blame', 'this', 'punishment']","['it', 'blame', 'guilt', 'grief', 'evil']",mask
746,10,65.0,17,out,3,6.38,2.0668413752752377,15,is,2,7.07,1.3081637437765874,0.05620702728629112,0.1664881408214569,-0.11028111353516579,0.07707171220091359,0.17665286384212397,0.0995811516412104,-1.1593993633104236,0.00023946881163932734,1.1596388321220636,False,"['is', 'was', 'are', 'gets', 'being']","['is', 'was', 'has', 'gets', 'are']",mask
747,10,65.0,17,out,3,6.38,2.0668413752752377,16,carried,7,4.77,7.017450162554626,9.069174766540527,1.2658531665802002,7.803321599960327,4.913792103273376,5.097903418418151,0.1841113151447737,-6.293566946010097,0.0022018934692725344,6.295768839479368,False,"['carried', 'thrown', 'played', 'brought', 'poured']","['placed', 'found', 'held', 'put', ',']",mask
748,10,65.0,18,as,2,6.77,9.546518476208595,0,what,4,6.38,0.0,0.0014375450555235147,0.001166771980933845,0.0002707730745896697,2.9536616632420953e-05,0.00027202453126618577,0.00024248791463376475,-0.3579096328561766,8.75179922661037e-06,0.3579183846554033,False,"['what', 'whatever', 'something', 'it', 'which']","['what', 'whatever', 'something', 'it', 'which']",mask
749,10,65.0,18,as,2,6.77,9.546518476208595,1,is,2,7.07,5.067392613495786,0.012791771441698074,0.013133722357451916,-0.0003419509157538414,0.00011801612326625292,0.0010514206757490437,0.0009334045524827904,-0.19672411561631534,0.00018633044203811421,0.19691044605835342,False,"['is', 'seems', 'gets', 'feels', 'becomes']","['is', 'seems', 'gets', 'feels', 'was']",mask
750,10,65.0,18,as,2,6.77,9.546518476208595,2,so,2,6.52,7.045905151849227,2.5847694873809814,2.5865256786346436,-0.0017561912536621094,0.004169441773562904,0.03938567634675466,0.03521623457319174,-0.25312879539080113,0.0010050176223586102,0.2541338130131597,False,"['most', 'so', 'particularly', 'really', 'especially']","['most', 'so', 'particularly', 'really', 'especially']",mask
751,10,65.0,18,as,2,6.77,9.546518476208595,3,unpleasant,10,3.8,10.97457889163446,9.41974925994873,9.918135643005371,-0.4983863830566406,0.013432423174613451,0.07766728166152796,0.06423485848691453,-0.2978594602504634,4.972895966380218e-05,0.2979091892101272,False,"['special', 'remarkable', 'striking', 'important', 'unique']","['special', 'striking', 'remarkable', 'important', 'different']",mask
752,10,65.0,18,as,2,6.77,9.546518476208595,4,about,5,6.4,1.028931793952807,0.2935933470726013,0.25988030433654785,0.03371304273605347,0.009269718740494225,0.038130665425686175,0.028860946685191936,-0.45350979015245,0.0021640691780782533,0.4556738593305283,False,"['about', 'in', 'of', '?', ',']","['about', 'in', '?', 'of', ',']",mask
753,10,65.0,18,as,2,6.77,9.546518476208595,5,all,3,6.52,7.316653024644298,0.5529886484146118,0.4046308398246765,0.1483578085899353,0.03364653251650801,0.11966042052078457,0.08601388800427656,-0.7013543344828068,6.441537952752494e-05,0.7014187498623342,False,"['all', 'doing', '...', '?', '-']","['all', 'doing', '?', '...', '-']",mask
754,10,65.0,18,as,2,6.77,9.546518476208595,6,this,4,6.82,1.068575617216416,0.1529589146375656,0.18186937272548676,-0.028910458087921143,0.013912125649170373,0.04420644917915658,0.030294323529986213,-0.01649736011177939,0.022037332991096583,0.03853469310287597,False,"['this', 'that', 'blame', 'these', 'things']","['this', 'that', 'blame', 'these', 'murder']",mask
755,10,65.0,18,as,2,6.77,9.546518476208595,7,is,2,7.07,8.204936360025501,2.3554465770721436,1.5171301364898682,0.8383164405822754,0.09861327442442487,0.2966872040745264,0.19807392965010143,-0.08858666010082056,0.006431877582814829,0.09501853768363538,False,"['?', 'is', ',', ':', '-']","['?', 'is', ',', ':', '-']",mask
756,10,65.0,18,as,2,6.77,9.546518476208595,8,the,3,7.73,4.032598697154909,0.07530581206083298,0.15379975736141205,-0.07849394530057907,0.03501848583588458,0.10561268036126212,0.0705941945253775,-0.20594072487182494,0.010383644578051392,0.2163243694498764,False,"['the', 'an', 'its', 'this', 'that']","['the', 'an', 'this', 'its', 'that']",mask
757,10,65.0,18,as,2,6.77,9.546518476208595,9,atmosphere,10,4.46,11.08973085456479,6.691068649291992,6.773397922515869,-0.08232927322387695,0.06419804014798244,0.20616290750136299,0.14196486735338057,0.022546828244748573,0.0713290680102197,0.04878223976547113,False,"['form', 'process', 'system', 'sense', 'state']","['form', 'process', 'sense', 'system', 'manner']",mask
758,10,65.0,18,as,2,6.77,9.546518476208595,10,of,2,7.4,2.3370083392645147,0.009219893254339695,0.006496459245681763,0.0027234340086579323,0.0005457470679031412,0.0027766944520363035,0.002230947384133163,-0.43658742790406,0.0007751281004505997,0.43736255600451057,False,"['of', 'and', 'or', 'for', 'under']","['of', 'and', 'or', 'for', '.']",mask
759,10,65.0,18,as,2,6.77,9.546518476208595,11,blame,5,4.63,13.487923749814938,16.19815444946289,15.749011993408203,0.4491424560546875,0.046073631844673814,0.1671892096948355,0.12111557785016172,-0.2691227345301057,0.0013590787338996122,0.2704818132640053,False,"['war', 'terror', 'violence', 'action', 'justice']","['war', 'terror', 'violence', 'action', 'death']",mask
760,10,65.0,18,as,2,6.77,9.546518476208595,12,in,2,7.27,6.7205832524032445,0.15866130590438843,0.14552068710327148,0.013140618801116943,0.003177301399676944,0.018633395074996062,0.015456093675319119,0.6804024526816408,0.6834916482438402,0.0030891955621996287,False,"['in', 'under', 'within', 'through', 'into']","['in', 'under', 'within', 'through', 'into']",mask
761,10,65.0,18,as,2,6.77,9.546518476208595,13,which,5,6.3,4.315448687889257,0.023204635828733444,0.059198036789894104,-0.03599340096116066,0.030943636904614377,0.06661271105922574,0.03566907415461139,0.1407796212670632,0.22402260718060324,0.0832429859135401,False,"['which', 'that', 'how', '.', 'fact']","['which', 'that', 'how', 'case', '.']",mask
762,10,65.0,18,as,2,6.77,9.546518476208595,14,it,2,6.95,3.0013969172287944,0.6463519930839539,0.7032182216644287,-0.056866228580474854,0.07316985097460695,0.18024827269084218,0.10707842171623524,-0.31892886696381345,0.0006684416755824632,0.31959730863939606,False,"['it', 'blame', 'justice', 'this', 'injustice']","['it', 'justice', 'blame', 'this', 'punishment']",mask
763,10,65.0,18,as,2,6.77,9.546518476208595,15,is,2,7.07,1.3081637437765874,0.1664881408214569,0.07661828398704529,0.08986985683441162,0.030479311967623858,0.08575045851029861,0.05527114654267473,0.47599407111611997,0.48129857258010145,0.005304501463981409,False,"['is', 'was', 'are', 'gets', 'being']","['is', 'was', 'are', 'gets', 'being']",mask
764,10,65.0,18,as,2,6.77,9.546518476208595,16,carried,7,4.77,7.017450162554626,1.2658531665802002,2.1211814880371094,-0.8553283214569092,0.4163127238468698,0.698631190011329,0.2823184661644591,-1.025308501875659,0.0036404610976732378,1.0289489629733324,False,"['carried', 'laid', 'brought', 'played', 'thrown']","['carried', 'thrown', 'played', 'brought', 'poured']",mask
765,10,65.0,18,as,2,6.77,9.546518476208595,17,out,3,6.38,2.0668413752752377,3.0470075607299805,0.9448263049125671,2.1021812558174133,1.1915428168166715,1.5318820595344018,0.3403392427177306,-2.209297685252674,0.0035407306593079895,2.2128384159119823,False,"['out', ',', 'on', 'away', 'about']","[',', ':', 'out', '.', '-']",mask
766,10,65.0,19,though,6,5.5,4.719221302099274,0,what,4,6.38,0.0,0.001166771980933845,0.0007812707335688174,0.00038550124736502767,9.522884946169673e-05,0.00038926016004206456,0.00029403131058036784,-0.2324005492242894,0.004183534189081894,0.23658408341337128,False,"['what', 'whatever', 'something', 'which', 'it']","['what', 'whatever', 'something', 'it', 'which']",mask
767,10,65.0,19,though,6,5.5,4.719221302099274,1,is,2,7.07,5.067392613495786,0.013133722357451916,0.012462219223380089,0.0006715031340718269,0.0006700365179654658,0.002408123134934459,0.0017380866169689926,-0.26305190101467935,0.018413842187219802,0.28146574320189915,False,"['is', 'seems', 'feels', 'gets', 'becomes']","['is', 'seems', 'gets', 'feels', 'becomes']",mask
768,10,65.0,19,though,6,5.5,4.719221302099274,2,so,2,6.52,7.045905151849227,2.5865256786346436,2.1055376529693604,0.4809880256652832,0.048832761583864376,0.18852980126446545,0.139697039680601,-0.14049102629233168,0.10835068831238576,0.2488417146047174,False,"['most', 'so', 'particularly', 'really', 'truly']","['most', 'so', 'particularly', 'really', 'especially']",mask
769,10,65.0,19,though,6,5.5,4.719221302099274,3,unpleasant,10,3.8,10.97457889163446,9.918135643005371,10.311568260192871,-0.3934326171875,0.05472737542543509,0.20097802169405848,0.14625064626862344,-0.047473516616583805,0.0701804112781622,0.117653927894746,False,"['special', 'remarkable', 'striking', 'important', 'strange']","['special', 'remarkable', 'striking', 'important', 'unique']",mask
770,10,65.0,19,though,6,5.5,4.719221302099274,4,about,5,6.4,1.028931793952807,0.25988030433654785,0.2573101222515106,0.0025701820850372314,0.0048096491376916515,0.0243604460699859,0.01955079693229425,-0.2593159835963452,0.0148045697079327,0.274120553304278,False,"['about', 'in', 'of', ',', '?']","['about', 'in', 'of', '?', ',']",mask
771,10,65.0,19,though,6,5.5,4.719221302099274,5,all,3,6.52,7.316653024644298,0.4046308398246765,0.33027568459510803,0.07435515522956848,0.014231630359968824,0.06900932009316894,0.05477768973320014,-0.33384731742323254,0.022968076027320285,0.35681539345055285,False,"['all', 'doing', '...', '?', ',']","['all', 'doing', '...', '?', '-']",mask
772,10,65.0,19,though,6,5.5,4.719221302099274,6,this,4,6.82,1.068575617216416,0.18186937272548676,0.1187049001455307,0.06316447257995605,0.016076870811548866,0.05819413028964902,0.04211725947810017,-0.5683743843905124,0.00045673407970406023,0.5688311184702164,False,"['this', 'that', 'blame', 'these', 'things']","['this', 'that', 'blame', 'these', 'things']",mask
773,10,65.0,19,though,6,5.5,4.719221302099274,7,is,2,7.07,8.204936360025501,1.5171301364898682,1.0993303060531616,0.41779983043670654,0.0556800963246555,0.22050941671208907,0.16482932038743356,-0.3698716971977466,0.05257270703515088,0.4224444042328976,False,"['is', '?', ',', ':', '-']","['?', 'is', ',', ':', '-']",mask
774,10,65.0,19,though,6,5.5,4.719221302099274,8,the,3,7.73,4.032598697154909,0.15379975736141205,0.31896743178367615,-0.1651676744222641,0.07534489194949075,0.2088958952473945,0.1335510032979036,0.1662276126516125,0.21933701960167798,0.05310940695006546,False,"['the', 'an', 'this', 'its', 'that']","['the', 'an', 'its', 'this', 'that']",mask
775,10,65.0,19,though,6,5.5,4.719221302099274,9,atmosphere,10,4.46,11.08973085456479,6.773397922515869,6.424680709838867,0.34871721267700195,0.12257732366112177,0.2919498228305105,0.16937249916938868,0.1209585647190621,0.20383635568404757,0.08287779096498547,False,"['form', 'process', 'state', 'kind', 'sense']","['form', 'process', 'system', 'sense', 'state']",mask
776,10,65.0,19,though,6,5.5,4.719221302099274,10,of,2,7.4,2.3370083392645147,0.006496459245681763,0.004632300231605768,0.0018641590140759945,0.0003951319942967082,0.001877124254692269,0.0014819922603955607,-0.9662972362196192,0.0006706644930013109,0.9669679007126207,False,"['of', 'and', 'or', 'for', 'under']","['of', 'and', 'or', 'for', 'under']",mask
777,10,65.0,19,though,6,5.5,4.719221302099274,11,blame,5,4.63,13.487923749814938,15.749011993408203,16.032550811767578,-0.283538818359375,0.11238733800051211,0.29927670731142525,0.1868893693109131,0.22255632360618527,0.2571142772708369,0.03455795366465164,False,"['war', 'terror', 'violence', 'action', 'death']","['war', 'terror', 'violence', 'action', 'justice']",mask
778,10,65.0,19,though,6,5.5,4.719221302099274,12,in,2,7.27,6.7205832524032445,0.14552068710327148,0.12879927456378937,0.016721412539482117,0.0058726455710785075,0.023085967715489868,0.017213322144411364,0.01722161443907544,0.11626968270181032,0.09904806826273486,False,"['in', 'under', 'within', 'through', 'with']","['in', 'under', 'within', 'through', 'into']",mask
779,10,65.0,19,though,6,5.5,4.719221302099274,13,which,5,6.3,4.315448687889257,0.059198036789894104,0.11511244624853134,-0.05591440945863724,0.023375233091481127,0.07596731758193438,0.052592084490453245,-0.13206444681853582,0.10062974808098576,0.23269419489952162,False,"['which', 'that', 'how', '.', 'it']","['which', 'that', 'how', '.', 'fact']",mask
780,10,65.0,19,though,6,5.5,4.719221302099274,14,it,2,6.95,3.0013969172287944,0.7032182216644287,0.6831343173980713,0.020083904266357422,0.0452041016589674,0.12497226862613885,0.07976816696717148,0.23205311394079248,0.2612436099728367,0.029190496032044266,False,"['it', 'blame', 'justice', 'everything', 'this']","['it', 'blame', 'justice', 'this', 'injustice']",mask
781,10,65.0,19,though,6,5.5,4.719221302099274,15,is,2,7.07,1.3081637437765874,0.07661828398704529,0.15973974764347076,-0.08312146365642548,0.07989081842479194,0.15433868839360823,0.07444786996881625,1.2090335539211745,1.212825077153823,0.003791523232648202,False,"['is', 'was', 'are', 'were', 'be']","['is', 'was', 'are', 'gets', 'being']",mask
782,10,65.0,19,though,6,5.5,4.719221302099274,16,carried,7,4.77,7.017450162554626,2.1211814880371094,1.884183645248413,0.2369978427886963,0.23268767076550023,0.43904479766334575,0.20635712689784544,0.236895365806901,0.3700004485737625,0.13310508276686156,False,"['carried', 'played', 'laid', 'thrown', 'brought']","['carried', 'laid', 'brought', 'played', 'thrown']",mask
783,10,65.0,19,though,6,5.5,4.719221302099274,17,out,3,6.38,2.0668413752752377,0.9448263049125671,1.1602059602737427,-0.21537965536117554,0.05117061875778932,0.182056789204729,0.13088617044693965,-0.7435919369596354,0.03971318880075782,0.7833051257603931,False,"['out', ',', 'on', 'off', 'about']","['out', ',', 'on', 'away', 'about']",mask
784,10,65.0,19,though,6,5.5,4.719221302099274,18,as,2,6.77,9.546518476208595,9.188138961791992,3.413402557373047,5.774736404418945,0.9180483628552344,1.1477020046555917,0.22965364180035708,-1.1248120214073114,0.16803700558724113,1.2928490269945523,False,"[',', 'as', '.', '-', ';']","[',', '.', ':', '-', ';']",mask
785,10,65.0,20,getting,7,5.57,15.245505538097532,0,what,4,6.38,0.0,0.0007812707335688174,0.0008256669389083982,-4.4396205339580774e-05,1.2126854444705877e-05,7.725717611596011e-05,6.513032167125424e-05,0.25130636055976613,0.2566883553020662,0.0053819947423,False,"['what', 'whatever', 'something', 'it', 'which']","['what', 'whatever', 'something', 'which', 'it']",mask
786,10,65.0,20,getting,7,5.57,15.245505538097532,1,is,2,7.07,5.067392613495786,0.012462219223380089,0.01859908178448677,-0.006136862561106682,0.0019382828907660932,0.008019073384357188,0.006080790493591094,0.7244139723448394,0.7265134672579211,0.002099494913081623,False,"['is', 'seems', 'gets', 'feels', 'was']","['is', 'seems', 'feels', 'gets', 'becomes']",mask
787,10,65.0,20,getting,7,5.57,15.245505538097532,2,so,2,6.52,7.045905151849227,2.1055376529693604,2.1724119186401367,-0.06687426567077637,0.05067748863056284,0.18491488025692285,0.13423739162636,0.24357638107361498,0.29365066892673913,0.05007428785312416,False,"['so', 'most', 'really', 'particularly', 'especially']","['most', 'so', 'particularly', 'really', 'truly']",mask
788,10,65.0,20,getting,7,5.57,15.245505538097532,3,unpleasant,10,3.8,10.97457889163446,10.311568260192871,10.458776473999023,-0.14720821380615234,0.06699259202406653,0.20867454607818142,0.14168195405411493,0.08792706208340301,0.16739247706100352,0.07946541497760046,False,"['special', 'striking', 'remarkable', 'different', 'interesting']","['special', 'remarkable', 'striking', 'important', 'strange']",mask
789,10,65.0,20,getting,7,5.57,15.245505538097532,4,about,5,6.4,1.028931793952807,0.2573101222515106,0.2177962064743042,0.03951391577720642,0.004303545769748691,0.03654055732137344,0.032237011551624756,-0.10305982849977574,0.039904225810869144,0.14296405431064485,False,"['about', 'in', 'with', ',', '?']","['about', 'in', 'of', ',', '?']",mask
790,10,65.0,20,getting,7,5.57,15.245505538097532,5,all,3,6.52,7.316653024644298,0.33027568459510803,0.32186949253082275,0.008406192064285278,0.006117810499905102,0.031104908307171948,0.024987097807266854,-0.05803676501368016,0.10333500273687321,0.1613717677505534,False,"['all', 'doing', '...', '?', '-']","['all', 'doing', '...', '?', ',']",mask
791,10,65.0,20,getting,7,5.57,15.245505538097532,6,this,4,6.82,1.068575617216416,0.1187049001455307,0.08705923706293106,0.03164566308259964,0.01134448952642027,0.030061159384463028,0.018716669858042767,-0.3522950398385472,0.0075934690487974915,0.35988850888734464,False,"['this', 'that', 'these', 'blame', 'cases']","['this', 'that', 'blame', 'these', 'things']",mask
792,10,65.0,20,getting,7,5.57,15.245505538097532,7,is,2,7.07,8.204936360025501,1.0993303060531616,1.204355001449585,-0.10502469539642334,0.023666378793078934,0.10798692384159735,0.08432054504851842,0.6316001568782482,0.6636158164554543,0.03201565957720615,False,"['is', '?', ',', '-', ':']","['is', '?', ',', ':', '-']",mask
793,10,65.0,20,getting,7,5.57,15.245505538097532,8,the,3,7.73,4.032598697154909,0.31896743178367615,0.35973817110061646,-0.04077073931694031,0.005957776840636275,0.03773066555774272,0.031772888717106436,0.6847784841753127,0.6857619812008724,0.0009834970255596528,False,"['the', 'an', 'this', 'its', 'that']","['the', 'an', 'this', 'its', 'that']",mask
794,10,65.0,20,getting,7,5.57,15.245505538097532,9,atmosphere,10,4.46,11.08973085456479,6.424680709838867,6.596733093261719,-0.17205238342285156,0.12238770872657295,0.3111964351327346,0.18880872640616161,0.04179689298962563,0.14902205060482643,0.1072251576152008,False,"['form', 'kind', 'process', 'sense', 'sort']","['form', 'process', 'state', 'kind', 'sense']",mask
795,10,65.0,20,getting,7,5.57,15.245505538097532,10,of,2,7.4,2.3370083392645147,0.004632300231605768,0.00760011887177825,-0.0029678186401724815,0.0011169793083161189,0.0040692748118412924,0.002952295503525174,1.4649529268906165,1.4651502687396307,0.00019734184901414606,False,"['of', 'and', 'or', 'for', 'under']","['of', 'and', 'or', 'for', 'under']",mask
796,10,65.0,20,getting,7,5.57,15.245505538097532,11,blame,5,4.63,13.487923749814938,16.032550811767578,15.226070404052734,0.8064804077148438,0.17809756748535763,0.38352635617882913,0.20542878869347153,0.5374893451694313,0.5448870966698963,0.007397751500465213,False,"['war', 'terror', 'silence', 'chaos', 'violence']","['war', 'terror', 'violence', 'action', 'death']",mask
797,10,65.0,20,getting,7,5.57,15.245505538097532,12,in,2,7.27,6.7205832524032445,0.12879927456378937,0.13386370241641998,-0.005064427852630615,0.003279160423755229,0.01630767868851617,0.013028518264760938,0.7723781476822572,0.7748341133960267,0.002455965713769618,False,"['in', 'under', 'within', 'through', 'with']","['in', 'under', 'within', 'through', 'with']",mask
798,10,65.0,20,getting,7,5.57,15.245505538097532,13,which,5,6.3,4.315448687889257,0.11511244624853134,0.09149541705846786,0.023617029190063477,0.009754757102177885,0.03546262997059949,0.025707872868421612,1.0472881128207008,1.0504739556997178,0.003185842879017257,False,"['which', 'that', 'how', 'it', '.']","['which', 'that', 'how', '.', 'it']",mask
799,10,65.0,20,getting,7,5.57,15.245505538097532,14,it,2,6.95,3.0013969172287944,0.6831343173980713,0.8435657024383545,-0.1604313850402832,0.06311437565116587,0.1971773225921305,0.13406294694096468,0.51074154856197,0.5442911947895487,0.03354964622757872,False,"['it', 'blame', 'everything', 'justice', 'this']","['it', 'blame', 'justice', 'everything', 'this']",mask
800,10,65.0,20,getting,7,5.57,15.245505538097532,15,is,2,7.07,1.3081637437765874,0.15973974764347076,0.0715755969285965,0.08816415071487427,0.04501766575225404,0.09636146993976809,0.051343804187514046,0.5062762059936525,0.5577649366583095,0.051488730664656986,False,"['is', 'was', 'gets', 'are', 'being']","['is', 'was', 'are', 'were', 'be']",mask
801,10,65.0,20,getting,7,5.57,15.245505538097532,16,carried,7,4.77,7.017450162554626,1.884183645248413,2.317277193069458,-0.4330935478210449,0.2128763653432296,0.44147181244883954,0.22859544710560994,1.0083523014043851,1.0213384485146353,0.012986147110250453,False,"['carried', 'played', 'brought', 'thrown', 'laid']","['carried', 'played', 'laid', 'thrown', 'brought']",mask
802,10,65.0,20,getting,7,5.57,15.245505538097532,17,out,3,6.38,2.0668413752752377,1.1602059602737427,1.1588400602340698,0.0013659000396728516,0.11547083246374025,0.24399792433277423,0.1285270918690339,0.6689658662687589,0.7361905773339218,0.06722471106516298,False,"['out', ',', 'on', 'around', 'off']","['out', ',', 'on', 'off', 'about']",mask
803,10,65.0,20,getting,7,5.57,15.245505538097532,18,as,2,6.77,9.546518476208595,3.413402557373047,0.9497866630554199,2.463615894317627,0.9277923613563319,1.340828095527374,0.4130357341710418,0.6272439771549678,0.7809567173039479,0.15371274014897984,False,"['as', ',', '.', '-', ';']","[',', 'as', '.', '-', ';']",mask
804,10,65.0,20,getting,7,5.57,15.245505538097532,19,though,6,5.5,4.719221302099274,5.856409072875977,3.260603904724121,2.5958051681518555,1.391185450996742,1.6341488612567052,0.24296341025996349,-0.41571815748831226,0.8917011555440988,1.3074193130324108,False,"['if', 'though', 'in', 'always', 'to']","['a', 'if', ',', 'being', 'in']",mask
805,10,65.0,21,older,5,4.92,12.239302688206067,0,what,4,6.38,0.0,0.0008256669389083982,0.0006324328132905066,0.00019323412561789155,3.962217082207726e-05,0.00019923834625414712,0.00015961617543206982,-0.3350653167557788,0.0029230970535025504,0.33798841380928124,False,"['what', 'whatever', 'something', 'it', 'that']","['what', 'whatever', 'something', 'it', 'which']",mask
806,10,65.0,21,older,5,4.92,12.239302688206067,1,is,2,7.07,5.067392613495786,0.01859908178448677,0.016020318493247032,0.0025787632912397385,0.0007988290680897986,0.0037107891451034314,0.002911960077013633,-0.45518933805885764,0.02593806977419435,0.48112740783305197,False,"['is', 'seems', 'gets', 'was', 'becomes']","['is', 'seems', 'gets', 'feels', 'was']",mask
807,10,65.0,21,older,5,4.92,12.239302688206067,2,so,2,6.52,7.045905151849227,2.1724119186401367,2.0845892429351807,0.08782267570495605,0.01683956429000366,0.09668206633677753,0.07984250204677389,-0.2619180086166473,0.029336870275927972,0.29125487889257523,False,"['so', 'most', 'really', 'particularly', 'truly']","['so', 'most', 'really', 'particularly', 'especially']",mask
808,10,65.0,21,older,5,4.92,12.239302688206067,3,unpleasant,10,3.8,10.97457889163446,10.458776473999023,10.9603853225708,-0.5016088485717773,0.029580276696303885,0.1287412804829145,0.0991610037866106,-0.2124212175628537,0.03049279938021251,0.24291401694306622,False,"['special', 'striking', 'remarkable', 'interesting', 'important']","['special', 'striking', 'remarkable', 'different', 'interesting']",mask
809,10,65.0,21,older,5,4.92,12.239302688206067,4,about,5,6.4,1.028931793952807,0.2177962064743042,0.15908274054527283,0.05871346592903137,0.009363796303654739,0.05260227680264864,0.04323848049899391,-0.4099764149912729,0.003337890543015165,0.41331430553428805,False,"['about', 'in', 'with', ',', '?']","['about', 'in', 'with', ',', '?']",mask
810,10,65.0,21,older,5,4.92,12.239302688206067,5,all,3,6.52,7.316653024644298,0.32186949253082275,0.22211001813411713,0.09975947439670563,0.026822369480542865,0.0934710501981124,0.06664868071756953,-0.4419506188685694,0.03967303221531362,0.4816236510838831,False,"['all', 'doing', '...', '-', 'being']","['all', 'doing', '...', '?', '-']",mask
811,10,65.0,21,older,5,4.92,12.239302688206067,6,this,4,6.82,1.068575617216416,0.08705923706293106,0.08101214468479156,0.006047092378139496,0.003608381399695804,0.012331519657177667,0.008723138257481862,0.023232520558815854,0.18740465728909392,0.16417213673027803,False,"['this', 'that', 'these', 'things', 'it']","['this', 'that', 'these', 'blame', 'cases']",mask
812,10,65.0,21,older,5,4.92,12.239302688206067,7,is,2,7.07,8.204936360025501,1.204355001449585,0.8360207080841064,0.3683342933654785,0.05652434414598,0.2246033067262945,0.16807896258031446,-0.2314554873773632,0.06666144018011841,0.2981169275574816,False,"['is', '?', ',', ':', '-']","['is', '?', ',', '-', ':']",mask
813,10,65.0,21,older,5,4.92,12.239302688206067,8,the,3,7.73,4.032598697154909,0.35973817110061646,0.36123257875442505,-0.0014944076538085938,0.001525610011168955,0.0114362551624834,0.009910645151314446,-0.11476773878819989,0.04040274683251106,0.15517048562071095,False,"['the', 'an', 'its', 'this', 'that']","['the', 'an', 'this', 'its', 'that']",mask
814,10,65.0,21,older,5,4.92,12.239302688206067,9,atmosphere,10,4.46,11.08973085456479,6.596733093261719,7.2921929359436035,-0.6954598426818848,0.06103539964986823,0.1875142765014716,0.12647887685160333,-0.01850781884311675,0.13611624382257786,0.1546240626656946,False,"['form', 'kind', 'process', 'sort', 'sense']","['form', 'kind', 'process', 'sense', 'sort']",mask
815,10,65.0,21,older,5,4.92,12.239302688206067,10,of,2,7.4,2.3370083392645147,0.00760011887177825,0.010567732155323029,-0.002967613283544779,0.0006304774768123139,0.003609203324802809,0.002978725847990494,0.28329799319317117,0.33051144554201833,0.04721345234884716,False,"['of', 'and', 'or', 'for', 'under']","['of', 'and', 'or', 'for', 'under']",mask
816,10,65.0,21,older,5,4.92,12.239302688206067,11,blame,5,4.63,13.487923749814938,15.226070404052734,15.47249984741211,-0.246429443359375,0.7072278286338044,1.0051228452253862,0.2978950165915815,0.11174559474153634,0.32986225817089465,0.21811666342935834,False,"['death', 'war', 'life', 'youth', 'decay']","['war', 'terror', 'silence', 'chaos', 'violence']",mask
817,10,65.0,21,older,5,4.92,12.239302688206067,12,in,2,7.27,6.7205832524032445,0.13386370241641998,0.1106141209602356,0.023249581456184387,0.005103023197812943,0.026585068381488587,0.02148204518367564,-0.26034087960857044,0.03578610818084934,0.2961269877894197,False,"['in', 'under', 'within', 'through', ',']","['in', 'under', 'within', 'through', 'with']",mask
818,10,65.0,21,older,5,4.92,12.239302688206067,13,which,5,6.3,4.315448687889257,0.09149541705846786,0.08645807206630707,0.005037344992160797,0.002190950229141526,0.006772024036162604,0.004581073807021079,-0.7301704333026137,0.0018808136903656963,0.7320512469929794,False,"['which', 'that', 'how', '.', 'it']","['which', 'that', 'how', 'it', '.']",mask
819,10,65.0,21,older,5,4.92,12.239302688206067,14,it,2,6.95,3.0013969172287944,0.8435657024383545,1.5240188837051392,-0.6804531812667847,0.3217280248621119,0.6319867547753436,0.3102587299132316,-0.1697296621602364,0.12495944215140313,0.29468910431163947,False,"['it', 'blame', 'everything', 'justice', 'this']","['it', 'blame', 'everything', 'justice', 'this']",mask
820,10,65.0,21,older,5,4.92,12.239302688206067,15,is,2,7.07,1.3081637437765874,0.0715755969285965,0.07061705738306046,0.0009585395455360413,0.0009292598587730346,0.0035438760912705008,0.0026146162324974663,-0.2810973557680878,0.03259108264404603,0.3136884384121339,False,"['is', 'was', 'are', 'gets', 'were']","['is', 'was', 'gets', 'are', 'being']",mask
821,10,65.0,21,older,5,4.92,12.239302688206067,16,carried,7,4.77,7.017450162554626,2.317277193069458,2.8933916091918945,-0.5761144161224365,0.16079488858525176,0.38364621991693243,0.22285133133168075,-0.12367380483176117,0.14552402638225,0.26919783121401114,False,"['played', 'carried', 'worked', 'sorted', 'brought']","['carried', 'played', 'brought', 'thrown', 'laid']",mask
822,10,65.0,21,older,5,4.92,12.239302688206067,17,out,3,6.38,2.0668413752752377,1.1588400602340698,1.0222752094268799,0.13656485080718994,0.04563970990058826,0.15786538570956632,0.1122256758089781,-0.6515249654033135,0.025413377131622162,0.6769383425349357,False,"['out', 'on', ',', 'around', 'away']","['out', ',', 'on', 'around', 'off']",mask
823,10,65.0,21,older,5,4.92,12.239302688206067,18,as,2,6.77,9.546518476208595,0.9497866630554199,1.1004526615142822,-0.1506659984588623,0.03071273486129786,0.13820580383360304,0.10749306897230519,0.698550468037302,0.7364947397070916,0.037944271669789795,False,"['as', ',', '.', '-', ';']","['as', ',', '.', '-', ';']",mask
824,10,65.0,21,older,5,4.92,12.239302688206067,19,though,6,5.5,4.719221302099274,3.260603904724121,5.011965274810791,-1.75136137008667,1.7545101199514201,2.1570954528410096,0.40258533288958953,-0.38571445911074453,0.40882291868039944,0.794537377791144,False,"['if', 'to', 'people', 'someone', 'though']","['if', 'though', 'in', 'always', 'to']",mask
825,10,65.0,21,older,5,4.92,12.239302688206067,20,getting,7,5.57,15.245505538097532,10.220617294311523,11.486886978149414,-1.2662696838378906,5.957751429887729,6.198559507127958,0.24080807724022846,-2.2768140717283427,0.1673713375916295,2.4441854093199717,False,"['an', 'the', 'by', 'some', 'something']","['it', ',', 'to', 'in', 'something']",mask
826,10,65.0,22,is,2,7.07,2.4196084644731517,0,what,4,6.38,0.0,0.0006324328132905066,0.0007182062836363912,-8.577347034588456e-05,1.0697356345493324e-05,0.00010099793038027051,9.030057403477715e-05,0.1686885562173782,0.16944670986078875,0.0007581536434105639,False,"['what', 'whatever', 'something', 'it', 'that']","['what', 'whatever', 'something', 'it', 'that']",mask
827,10,65.0,22,is,2,7.07,2.4196084644731517,1,is,2,7.07,5.067392613495786,0.016020318493247032,0.016550734639167786,-0.0005304161459207535,0.0002799090808953947,0.0017951075475853228,0.0015151984666899282,0.1718397778672882,0.18113914857892296,0.009299370711634718,False,"['is', 'seems', 'gets', 'was', 'feels']","['is', 'seems', 'gets', 'was', 'becomes']",mask
828,10,65.0,22,is,2,7.07,2.4196084644731517,2,so,2,6.52,7.045905151849227,2.0845892429351807,2.383465528488159,-0.2988762855529785,0.016736553258090016,0.09423252561673515,0.07749597235864515,0.0754278022514589,0.11444607119495528,0.03901826894349635,False,"['most', 'so', 'really', 'particularly', 'truly']","['so', 'most', 'really', 'particularly', 'truly']",mask
829,10,65.0,22,is,2,7.07,2.4196084644731517,3,unpleasant,10,3.8,10.97457889163446,10.9603853225708,10.420377731323242,0.5400075912475586,0.04221134256424567,0.1672554834942527,0.12504414093000704,0.23148017974462107,0.2386153433090258,0.007135163564404722,False,"['special', 'striking', 'remarkable', 'strange', 'different']","['special', 'striking', 'remarkable', 'interesting', 'important']",mask
830,10,65.0,22,is,2,7.07,2.4196084644731517,4,about,5,6.4,1.028931793952807,0.15908274054527283,0.1643047034740448,-0.005221962928771973,0.0018181342122758708,0.012082284914450986,0.010264150702175115,0.2884525068723018,0.293023900211314,0.004571393339012195,False,"['about', 'in', 'with', ',', '?']","['about', 'in', 'with', ',', '?']",mask
831,10,65.0,22,is,2,7.07,2.4196084644731517,5,all,3,6.52,7.316653024644298,0.22211001813411713,0.13999781012535095,0.08211220800876617,0.020800998822697352,0.0758558131531136,0.05505481433041623,-0.5038030971491498,0.0014169259127992662,0.5052200230619491,False,"['all', 'doing', '...', 'being', '-']","['all', 'doing', '...', '-', 'being']",mask
832,10,65.0,22,is,2,7.07,2.4196084644731517,6,this,4,6.82,1.068575617216416,0.08101214468479156,0.0758603885769844,0.005151756107807159,0.007573245509013104,0.015980603316617267,0.00840735780760416,-0.3023460500092238,0.010631932305942204,0.3129779823151661,False,"['this', 'that', 'these', 'things', 'it']","['this', 'that', 'these', 'things', 'it']",mask
833,10,65.0,22,is,2,7.07,2.4196084644731517,7,is,2,7.07,8.204936360025501,0.8360207080841064,1.0916978120803833,-0.25567710399627686,0.03136998111108336,0.16077440141597715,0.12940442030489374,-0.019096434736108645,0.05550785537868642,0.07460429011479507,False,"['is', '?', ',', ':', '-']","['is', '?', ',', ':', '-']",mask
834,10,65.0,22,is,2,7.07,2.4196084644731517,8,the,3,7.73,4.032598697154909,0.36123257875442505,0.29268279671669006,0.06854978203773499,0.0070178624458157295,0.05601497749884338,0.04899711505302764,-0.5052059058320286,9.029230707504799e-05,0.5052961981391035,False,"['the', 'an', 'this', 'its', 'that']","['the', 'an', 'its', 'this', 'that']",mask
835,10,65.0,22,is,2,7.07,2.4196084644731517,9,atmosphere,10,4.46,11.08973085456479,7.2921929359436035,6.892016887664795,0.4001760482788086,0.05766295115039782,0.1975419639368612,0.13987901278646334,-0.3156757003906875,0.003874839220214075,0.3195505396109016,False,"['kind', 'form', 'sort', 'sense', 'amount']","['form', 'kind', 'process', 'sort', 'sense']",mask
836,10,65.0,22,is,2,7.07,2.4196084644731517,10,of,2,7.4,2.3370083392645147,0.010567732155323029,0.00912694912403822,0.0014407830312848091,0.0005671324294418086,0.0021545378796009023,0.0015874054501590939,-0.9788295717321387,0.006814932564701058,0.9856445042968398,False,"['of', 'and', 'or', 'for', 'under']","['of', 'and', 'or', 'for', 'under']",mask
837,10,65.0,22,is,2,7.07,2.4196084644731517,11,blame,5,4.63,13.487923749814938,15.47249984741211,15.022577285766602,0.4499225616455078,0.11740329762159331,0.29904526250923635,0.18164196488764306,-0.5174462846318743,0.0029877877371324293,0.5204340723690066,False,"['death', 'youth', 'life', 'decay', 'age']","['death', 'war', 'life', 'youth', 'decay']",mask
838,10,65.0,22,is,2,7.07,2.4196084644731517,12,in,2,7.27,6.7205832524032445,0.1106141209602356,0.08576114475727081,0.024852976202964783,0.004959763499204822,0.024457417982173723,0.019497654482968897,-0.9619018259589154,0.0001614909110812032,0.9620633168699966,False,"['in', 'under', 'within', 'through', 'with']","['in', 'under', 'within', 'through', ',']",mask
839,10,65.0,22,is,2,7.07,2.4196084644731517,13,which,5,6.3,4.315448687889257,0.08645807206630707,0.05644156038761139,0.03001651167869568,0.006423165466616997,0.02898822455086886,0.02256505908425186,-1.055784004815371,0.0006095631207383513,1.0563935679361096,False,"['which', 'that', 'how', 'it', 'where']","['which', 'that', 'how', '.', 'it']",mask
840,10,65.0,22,is,2,7.07,2.4196084644731517,14,it,2,6.95,3.0013969172287944,1.5240188837051392,1.4003597497940063,0.12365913391113281,0.02927989636320739,0.12241678208364767,0.09313688572044028,-0.5888269066847212,0.005152028011763131,0.5939789346964842,False,"['it', 'blame', 'everything', 'this', 'justice']","['it', 'blame', 'everything', 'justice', 'this']",mask
841,10,65.0,22,is,2,7.07,2.4196084644731517,15,is,2,7.07,1.3081637437765874,0.07061705738306046,0.04952917993068695,0.021087877452373505,0.004219145550149484,0.020889480778156437,0.016670335228006962,-0.6568021096299238,0.01520615349559131,0.6720082631255151,False,"['is', 'was', 'are', 'gets', 'were']","['is', 'was', 'are', 'gets', 'were']",mask
842,10,65.0,22,is,2,7.07,2.4196084644731517,16,carried,7,4.77,7.017450162554626,2.8933916091918945,2.9445440769195557,-0.05115246772766113,0.08323403387175336,0.23374928421166258,0.15051525033990926,-0.459090276118564,0.0022054373315171277,0.4612957134500812,False,"['played', 'carried', 'laid', 'worked', 'sorted']","['played', 'carried', 'worked', 'sorted', 'brought']",mask
843,10,65.0,22,is,2,7.07,2.4196084644731517,17,out,3,6.38,2.0668413752752377,1.0222752094268799,0.7461546659469604,0.27612054347991943,0.06905688968114602,0.20703414449658453,0.13797725481543852,0.10301797697502377,0.22669815208879943,0.12368017511377562,False,"['out', ',', 'on', 'off', 'around']","['out', 'on', ',', 'around', 'away']",mask
844,10,65.0,22,is,2,7.07,2.4196084644731517,18,as,2,6.77,9.546518476208595,1.1004526615142822,1.3936392068862915,-0.2931865453720093,0.061139225812410734,0.19473355540473758,0.1335943295923269,0.04805927008386359,0.16894059218037924,0.12088132209651567,False,"['as', ',', '.', '-', 'even']","['as', ',', '.', '-', ';']",mask
845,10,65.0,22,is,2,7.07,2.4196084644731517,19,though,6,5.5,4.719221302099274,5.011965274810791,4.966398239135742,0.04556703567504883,0.8808274463964455,1.1612440226246554,0.2804165762282099,0.381884506815754,0.499985848013186,0.11810134119743212,False,"['if', 'the', 'someone', 'people', 'my']","['if', 'to', 'people', 'someone', 'though']",mask
846,10,65.0,22,is,2,7.07,2.4196084644731517,20,getting,7,5.57,15.245505538097532,11.486886978149414,2.0862858295440674,9.400601148605347,4.6341864966716555,4.685215803876498,0.051029307204843485,-3.739941558177151,0.029579536155595765,3.769521094332747,False,"['getting', 'something', 'the', 'growing', 'being']","['an', 'the', 'by', 'some', 'something']",mask
847,10,65.0,22,is,2,7.07,2.4196084644731517,21,older,5,4.92,12.239302688206067,12.23449420928955,10.290472984313965,1.944021224975586,2.2640119609391762,2.5043958284702925,0.2403838675311168,-3.7450220550299,0.06249065321007961,3.8075127082399787,False,"['killed', 'caught', 'away', 'hurt', 'out']","['it', 'to', 'away', 'caught', 'off']",mask
848,10,65.0,23,a,1,7.36,2.6160512039308883,0,what,4,6.38,0.0,0.0007182062836363912,0.0008189557702280581,-0.00010074948659166694,1.8728489700242756e-05,0.00014516674302796276,0.00012643825332772,-0.18074011766877168,0.03384392588475956,0.21458404355353125,False,"['what', 'whatever', 'something', 'which', 'that']","['what', 'whatever', 'something', 'it', 'that']",mask
849,10,65.0,23,a,1,7.36,2.6160512039308883,1,is,2,7.07,5.067392613495786,0.016550734639167786,0.011822673492133617,0.004728061147034168,0.0010931465228544927,0.00501064295148274,0.003917496428628247,-0.5045394469952422,0.0035380207982222476,0.5080774677934646,False,"['is', 'seems', 'gets', 'feels', 'becomes']","['is', 'seems', 'gets', 'was', 'feels']",mask
850,10,65.0,23,a,1,7.36,2.6160512039308883,2,so,2,6.52,7.045905151849227,2.383465528488159,2.500666379928589,-0.11720085144042969,0.027294156799142304,0.1041684161552547,0.0768742593561124,-0.01842988136985114,0.11435646452019829,0.13278634589004945,False,"['most', 'so', 'really', 'particularly', 'especially']","['most', 'so', 'really', 'particularly', 'truly']",mask
851,10,65.0,23,a,1,7.36,2.6160512039308883,3,unpleasant,10,3.8,10.97457889163446,10.420377731323242,9.63088321685791,0.789494514465332,0.029605582993707955,0.1313986076179656,0.10179302462425764,0.29243693872852033,0.3010885390968409,0.008651600368320552,False,"['special', 'striking', 'remarkable', 'strange', 'different']","['special', 'striking', 'remarkable', 'strange', 'different']",mask
852,10,65.0,23,a,1,7.36,2.6160512039308883,4,about,5,6.4,1.028931793952807,0.1643047034740448,0.21615158021450043,-0.05184687674045563,0.009033002559250082,0.054312797617859045,0.04527979505860896,0.10246557114418157,0.14218004828308192,0.03971447713890034,False,"['about', 'in', 'with', '?', ',']","['about', 'in', 'with', ',', '?']",mask
853,10,65.0,23,a,1,7.36,2.6160512039308883,5,all,3,6.52,7.316653024644298,0.13999781012535095,0.11666349321603775,0.023334316909313202,0.00479511189456952,0.025561116820430496,0.020766004925860983,-0.25544510978581425,0.023134006278070735,0.278579116063885,False,"['all', 'doing', '...', 'being', ',']","['all', 'doing', '...', 'being', '-']",mask
854,10,65.0,23,a,1,7.36,2.6160512039308883,6,this,4,6.82,1.068575617216416,0.0758603885769844,0.07232645899057388,0.0035339295864105225,0.0007515689182373284,0.00494953627509306,0.004197967356855733,0.13551619680776586,0.16750945298204042,0.03199325617427457,False,"['this', 'that', 'these', 'it', 'things']","['this', 'that', 'these', 'things', 'it']",mask
855,10,65.0,23,a,1,7.36,2.6160512039308883,7,is,2,7.07,8.204936360025501,1.0916978120803833,0.939552903175354,0.1521449089050293,0.04570440759022041,0.17782962273852987,0.13212521514830947,-0.15323125027072373,0.07006609620347715,0.22329734647420085,False,"['is', '?', ',', '-', ':']","['is', '?', ',', ':', '-']",mask
856,10,65.0,23,a,1,7.36,2.6160512039308883,8,the,3,7.73,4.032598697154909,0.29268279671669006,0.32678142189979553,-0.03409862518310547,0.0021177000312354445,0.02963610715160856,0.027518407120373116,-0.2022238492885842,0.020913743523701185,0.2231375928122854,False,"['the', 'an', 'this', 'its', 'that']","['the', 'an', 'this', 'its', 'that']",mask
857,10,65.0,23,a,1,7.36,2.6160512039308883,9,atmosphere,10,4.46,11.08973085456479,6.892016887664795,6.50366735458374,0.3883495330810547,0.04008581662595464,0.16301071091232777,0.12292489428637314,0.08966713062736396,0.17113445182146475,0.08146732119410073,False,"['form', 'kind', 'sense', 'sort', 'amount']","['kind', 'form', 'sort', 'sense', 'amount']",mask
858,10,65.0,23,a,1,7.36,2.6160512039308883,10,of,2,7.4,2.3370083392645147,0.00912694912403822,0.010201274417340755,-0.001074325293302536,0.00015330234577610427,0.0013322308221755481,0.0011789284763994445,-0.03203609602403443,0.13999409517237052,0.172030191196405,False,"['of', 'and', 'or', 'under', 'for']","['of', 'and', 'or', 'for', 'under']",mask
859,10,65.0,23,a,1,7.36,2.6160512039308883,11,blame,5,4.63,13.487923749814938,15.022577285766602,14.349563598632812,0.6730136871337891,0.02152774395998845,0.11095224945041886,0.08942450549043042,0.0751704491552352,0.12951048017503067,0.05434003101979547,False,"['death', 'youth', 'life', 'decay', 'war']","['death', 'youth', 'life', 'decay', 'age']",mask
860,10,65.0,23,a,1,7.36,2.6160512039308883,12,in,2,7.27,6.7205832524032445,0.08576114475727081,0.10757178068161011,-0.021810635924339294,0.004637084117783523,0.026201834578000315,0.02156475046021679,-0.011148140218475397,0.10690037312983865,0.11804851334831401,False,"['in', 'under', 'within', 'with', 'through']","['in', 'under', 'within', 'through', 'with']",mask
861,10,65.0,23,a,1,7.36,2.6160512039308883,13,which,5,6.3,4.315448687889257,0.05644156038761139,0.03492217883467674,0.021519381552934647,0.005068937793617983,0.0210090097523016,0.01594007195868361,-0.8669511819475073,0.00034173023764687586,0.8672929121851543,False,"['which', 'that', 'how', 'it', 'where']","['which', 'that', 'how', 'it', 'where']",mask
862,10,65.0,23,a,1,7.36,2.6160512039308883,14,it,2,6.95,3.0013969172287944,1.4003597497940063,1.5434106588363647,-0.1430509090423584,0.01625897342270857,0.09885702179365707,0.08259804837094849,-0.20203781205880045,0.02185440999060373,0.2238922220494042,False,"['it', 'blame', 'everything', 'justice', 'this']","['it', 'blame', 'everything', 'this', 'justice']",mask
863,10,65.0,23,a,1,7.36,2.6160512039308883,15,is,2,7.07,1.3081637437765874,0.04952917993068695,0.04977180063724518,-0.00024262070655822754,0.001016092490945671,0.0043753945381955536,0.0033593020472498826,-0.24976702330000244,0.01915525280997327,0.26892227610997577,False,"['is', 'was', 'are', 'gets', 'were']","['is', 'was', 'are', 'gets', 'were']",mask
864,10,65.0,23,a,1,7.36,2.6160512039308883,16,carried,7,4.77,7.017450162554626,2.9445440769195557,2.6399662494659424,0.3045778274536133,0.031045332283984112,0.125780668376167,0.09473533609218292,-0.40039169722542706,0.017806339108427553,0.4181980363338546,False,"['played', 'carried', 'worked', 'laid', 'borne']","['played', 'carried', 'laid', 'worked', 'sorted']",mask
865,10,65.0,23,a,1,7.36,2.6160512039308883,17,out,3,6.38,2.0668413752752377,0.7461546659469604,0.7475986480712891,-0.0014439821243286133,0.006072238347650156,0.03520820127176282,0.029135962924112666,-0.015220553830484495,0.14012789110643534,0.15534844493691985,False,"['out', ',', 'on', 'off', 'away']","['out', ',', 'on', 'off', 'around']",mask
866,10,65.0,23,a,1,7.36,2.6160512039308883,18,as,2,6.77,9.546518476208595,1.3936392068862915,1.7058892250061035,-0.312250018119812,0.03168837639644785,0.14325966522422812,0.11157128882778028,-0.5660589992462708,0.025782069416495364,0.5918410686627661,False,"[',', 'as', '.', '-', ';']","['as', ',', '.', '-', 'even']",mask
867,10,65.0,23,a,1,7.36,2.6160512039308883,19,though,6,5.5,4.719221302099274,4.966398239135742,3.3154890537261963,1.650909185409546,0.5618865378184115,0.8892299120130955,0.32734337419468423,-0.3882641717728103,0.11483462104147657,0.5030987928142869,False,"['if', 'though', 'the', 'people', 'children']","['if', 'the', 'someone', 'people', 'my']",mask
868,10,65.0,23,a,1,7.36,2.6160512039308883,20,getting,7,5.57,15.245505538097532,2.0862858295440674,1.5083692073822021,0.5779166221618652,0.2799352390311748,0.5169336000199511,0.2369983609887764,-0.24586176333160575,0.11407904876105752,0.35994081209266326,False,"['getting', 'growing', 'the', 'being', 'something']","['getting', 'something', 'the', 'growing', 'being']",mask
869,10,65.0,23,a,1,7.36,2.6160512039308883,21,older,5,4.92,12.239302688206067,10.290472984313965,10.788095474243164,-0.4976224899291992,0.07272818536863809,0.21951936307034808,0.14679117770171,-0.03365837373131585,0.1567726086682997,0.19043098239961556,False,"['killed', 'hurt', 'caught', 'out', 'away']","['killed', 'caught', 'away', 'hurt', 'out']",mask
870,10,65.0,23,a,1,7.36,2.6160512039308883,22,is,2,7.07,2.4196084644731517,5.912903308868408,3.2530388832092285,2.6598644256591797,1.9809161971048672,2.3881971375397146,0.4072809404348479,-0.7972060558737056,0.3153317699164222,1.112537825790128,False,"['in', ',', 'is', '.', 'by']","[',', '.', '-', 'and', '...']",mask
871,10,65.0,24,lifestyle,9,4.29,11.693408686018646,0,what,4,6.38,0.0,0.0008189557702280581,0.0006677911733277142,0.0001511645969003439,3.527873741744562e-05,0.00017233325831458502,0.00013705452089713937,0.18716902555302176,0.2130065787960029,0.02583755324298119,False,"['what', 'whatever', 'something', 'which', 'that']","['what', 'whatever', 'something', 'which', 'that']",mask
872,10,65.0,24,lifestyle,9,4.29,11.693408686018646,1,is,2,7.07,5.067392613495786,0.011822673492133617,0.01229343842715025,-0.0004707649350166321,0.00029657441107118634,0.0014896383829629174,0.0011930639718917317,-0.22467440823406687,0.0333324193418695,0.2580068275759364,False,"['is', 'seems', 'gets', 'becomes', 'feels']","['is', 'seems', 'gets', 'feels', 'becomes']",mask
873,10,65.0,24,lifestyle,9,4.29,11.693408686018646,2,so,2,6.52,7.045905151849227,2.500666379928589,3.65793514251709,-1.157268762588501,0.11943838501597283,0.28573246621081794,0.1662940811948451,-0.13458473992327713,0.08927940689619729,0.22386414681947445,False,"['most', 'particularly', 'really', 'especially', 'so']","['most', 'so', 'really', 'particularly', 'especially']",mask
874,10,65.0,24,lifestyle,9,4.29,11.693408686018646,3,unpleasant,10,3.8,10.97457889163446,9.63088321685791,10.630987167358398,-1.0001039505004883,0.06633246384123336,0.21446629119516,0.14813382735392672,-0.51952513961607,0.01751322037954952,0.5370383599956194,False,"['striking', 'special', 'different', 'remarkable', 'interesting']","['special', 'striking', 'remarkable', 'strange', 'different']",mask
875,10,65.0,24,lifestyle,9,4.29,11.693408686018646,4,about,5,6.4,1.028931793952807,0.21615158021450043,0.16729460656642914,0.04885697364807129,0.009047850020495742,0.04790049040953796,0.038852640389042216,-0.19779946435039175,0.05167068328355298,0.24947014763394476,False,"['about', 'in', 'with', '?', ',']","['about', 'in', 'with', '?', ',']",mask
876,10,65.0,24,lifestyle,9,4.29,11.693408686018646,5,all,3,6.52,7.316653024644298,0.11666349321603775,0.34800443053245544,-0.2313409373164177,0.17751412210799777,0.35942310241981296,0.18190898031181515,1.4628699664409401,1.463412367002195,0.0005424005612554971,False,"['all', 'doing', 'being', '...', ',']","['all', 'doing', '...', 'being', ',']",mask
877,10,65.0,24,lifestyle,9,4.29,11.693408686018646,6,this,4,6.82,1.068575617216416,0.07232645899057388,0.09482575207948685,-0.022499293088912964,0.016098048108135535,0.04089094704439374,0.024792898936258197,0.4709301979971019,0.5628801313654539,0.09194993336835199,False,"['this', 'that', 'these', 'life', 'things']","['this', 'that', 'these', 'it', 'things']",mask
878,10,65.0,24,lifestyle,9,4.29,11.693408686018646,7,is,2,7.07,8.204936360025501,0.939552903175354,0.21780019998550415,0.7217527031898499,0.40214300935969416,0.6243108004257047,0.22216779106601067,-0.7829600773909133,0.0055812625192725885,0.7885413399101859,False,"['is', '?', ',', ':', '-']","['is', '?', ',', '-', ':']",mask
879,10,65.0,24,lifestyle,9,4.29,11.693408686018646,8,the,3,7.73,4.032598697154909,0.32678142189979553,0.2854662537574768,0.041315168142318726,0.009193990878625897,0.035766293627576155,0.026572302748950272,-0.28690906048517034,0.0152897004467726,0.302198760931943,False,"['the', 'an', 'this', 'its', 'that']","['the', 'an', 'this', 'its', 'that']",mask
880,10,65.0,24,lifestyle,9,4.29,11.693408686018646,9,atmosphere,10,4.46,11.08973085456479,6.50366735458374,7.437308311462402,-0.9336409568786621,0.14029450228932225,0.3379796067002893,0.19768510441096707,-0.6102895446260017,0.07242057066205235,0.6827101152880539,False,"['form', 'kind', 'sense', 'sort', 'level']","['form', 'kind', 'sense', 'sort', 'amount']",mask
881,10,65.0,24,lifestyle,9,4.29,11.693408686018646,10,of,2,7.4,2.3370083392645147,0.010201274417340755,0.021546486765146255,-0.0113452123478055,0.005187560863595028,0.01638782463136123,0.0112002637677662,0.7262739916266506,0.7289102315935133,0.0026362399668625955,False,"['of', 'and', 'or', 'under', 'for']","['of', 'and', 'or', 'under', 'for']",mask
882,10,65.0,24,lifestyle,9,4.29,11.693408686018646,11,blame,5,4.63,13.487923749814938,14.349563598632812,15.104743003845215,-0.7551794052124023,0.2114124933870621,0.42975464836402744,0.2183421549769653,-0.38678376213555965,0.12747146608975832,0.514255228225318,False,"['life', 'death', 'youth', 'society', 'adolescence']","['death', 'youth', 'life', 'decay', 'war']",mask
883,10,65.0,24,lifestyle,9,4.29,11.693408686018646,12,in,2,7.27,6.7205832524032445,0.10757178068161011,0.09490271657705307,0.012669064104557037,0.0016852250450242563,0.012076258738743566,0.010391033693719307,-0.09641358694996816,0.08119699757029927,0.17761058452026746,False,"['in', 'under', 'within', 'through', 'with']","['in', 'under', 'within', 'with', 'through']",mask
884,10,65.0,24,lifestyle,9,4.29,11.693408686018646,13,which,5,6.3,4.315448687889257,0.03492217883467674,0.04278873652219772,-0.00786655768752098,0.0017794481874446417,0.009843489566173261,0.00806404137872862,-0.1792919939285747,0.0953786862181228,0.27467068014669754,False,"['which', 'that', 'how', 'where', 'it']","['which', 'that', 'how', 'it', 'where']",mask
885,10,65.0,24,lifestyle,9,4.29,11.693408686018646,14,it,2,6.95,3.0013969172287944,1.5434106588363647,2.076789140701294,-0.5333784818649292,0.12771384822841642,0.334982999466764,0.20726915123834758,-0.30931134627459683,0.12319227264823675,0.4325036189228335,False,"['blame', 'it', 'everything', 'life', 'justice']","['it', 'blame', 'everything', 'justice', 'this']",mask
886,10,65.0,24,lifestyle,9,4.29,11.693408686018646,15,is,2,7.07,1.3081637437765874,0.04977180063724518,0.040897201746702194,0.008874598890542984,0.0011835516218661813,0.009129023767049518,0.007945472145183334,-0.13636325713881353,0.06441679337389405,0.2007800505127076,False,"['is', 'was', 'are', 'gets', 'were']","['is', 'was', 'are', 'gets', 'were']",mask
887,10,65.0,24,lifestyle,9,4.29,11.693408686018646,16,carried,7,4.77,7.017450162554626,2.6399662494659424,2.8566648960113525,-0.21669864654541016,0.10081767882139588,0.27375687732895826,0.17293919850756248,-0.33891508755107097,0.11158938338498128,0.4505044709360523,False,"['played', 'carried', 'laid', 'worked', 'pointed']","['played', 'carried', 'worked', 'laid', 'borne']",mask
888,10,65.0,24,lifestyle,9,4.29,11.693408686018646,17,out,3,6.38,2.0668413752752377,0.7475986480712891,0.4425019323825836,0.30509671568870544,0.06815542409669402,0.22496633110818842,0.15681090701149447,-0.5888974265380499,0.0264313328887076,0.6153287594267576,False,"['out', ',', 'on', 'off', 'around']","['out', ',', 'on', 'off', 'away']",mask
889,10,65.0,24,lifestyle,9,4.29,11.693408686018646,18,as,2,6.77,9.546518476208595,1.7058892250061035,1.7058395147323608,4.971027374267578e-05,0.05268676242528721,0.1480316117156751,0.09534484929038796,0.08655110802268239,0.24643025963848866,0.15987915161580626,False,"[',', 'as', '.', '-', 'even']","[',', 'as', '.', '-', ';']",mask
890,10,65.0,24,lifestyle,9,4.29,11.693408686018646,19,though,6,5.5,4.719221302099274,3.3154890537261963,3.5870201587677,-0.2715311050415039,0.18347237818737344,0.3369922895556885,0.153519911368315,0.12355679928973791,0.389993816745956,0.26643701745621806,False,"['if', 'though', 'the', '.', 'well']","['if', 'though', 'the', 'people', 'children']",mask
891,10,65.0,24,lifestyle,9,4.29,11.693408686018646,20,getting,7,5.57,15.245505538097532,1.5083692073822021,1.081071376800537,0.42729783058166504,0.3529331595612139,0.42994146486038126,0.07700830529916732,-2.8819511871634935,0.020549762294803677,2.9025009494582967,False,"['getting', 'growing', 'being', 'becoming', 'the']","['getting', 'growing', 'the', 'being', 'something']",mask
892,10,65.0,24,lifestyle,9,4.29,11.693408686018646,21,older,5,4.92,12.239302688206067,10.788095474243164,9.378976821899414,1.40911865234375,1.0661831301980813,1.3619652420428687,0.29578211184478714,-1.358232486940003,0.07258514736183319,1.4308176343018362,False,"['married', 'killed', 'sick', 'rich', 'murdered']","['killed', 'hurt', 'caught', 'out', 'away']",mask
893,10,65.0,24,lifestyle,9,4.29,11.693408686018646,22,is,2,7.07,2.4196084644731517,3.2530388832092285,2.5513803958892822,0.7016584873199463,1.0553349624987585,1.33144231361701,0.27610735111825135,-1.2949436710999962,0.2615319298654368,1.556475600965433,False,"['is', 'in', ',', '.', 'into']","['in', ',', 'is', '.', 'by']",mask
894,10,65.0,24,lifestyle,9,4.29,11.693408686018646,23,a,1,7.36,2.6160512039308883,7.026963710784912,0.12854769825935364,6.8984160125255585,6.55801727608263,6.607675488593306,0.04965821251067606,-5.388353863306666,0.01949877393981538,5.407852637246481,False,"['a', 'the', 'our', 'their', 'another']","['""', 'becoming', 'being', ""'"", 'something']",mask
895,10,65.0,25,choice,6,5.08,0.9964249582791739,0,what,4,6.38,0.0,0.0006677911733277142,0.0006746737053617835,-6.8825320340693e-06,3.7282415188301336e-06,3.239219224432326e-05,2.866395072549312e-05,0.05187180957546164,0.10257598718479673,0.05070417760933506,False,"['what', 'whatever', 'something', 'which', 'that']","['what', 'whatever', 'something', 'which', 'that']",mask
896,10,65.0,25,choice,6,5.08,0.9964249582791739,1,is,2,7.07,5.067392613495786,0.01229343842715025,0.01151769794523716,0.0007757404819130898,0.00014622294039765132,0.001282513615038536,0.0011362906746408845,0.061953603521127734,0.07741670797546756,0.015463104454339818,False,"['is', 'seems', 'gets', 'feels', 'becomes']","['is', 'seems', 'gets', 'becomes', 'feels']",mask
897,10,65.0,25,choice,6,5.08,0.9964249582791739,2,so,2,6.52,7.045905151849227,3.65793514251709,3.490399122238159,0.16753602027893066,0.011920426300337211,0.07656482975620532,0.0646444034558681,0.08777060813181027,0.1148066776706308,0.027036069538820522,False,"['most', 'particularly', 'really', 'especially', 'so']","['most', 'particularly', 'really', 'especially', 'so']",mask
898,10,65.0,25,choice,6,5.08,0.9964249582791739,3,unpleasant,10,3.8,10.97457889163446,10.630987167358398,11.333382606506348,-0.7023954391479492,0.03235369904531934,0.14135515381603903,0.1090014547707197,-0.03095093387164009,0.03267937319408765,0.06363030706572771,False,"['special', 'striking', 'different', 'interesting', 'unique']","['striking', 'special', 'different', 'remarkable', 'interesting']",mask
899,10,65.0,25,choice,6,5.08,0.9964249582791739,4,about,5,6.4,1.028931793952807,0.16729460656642914,0.198098286986351,-0.030803680419921875,0.005146565360976118,0.03469107005461305,0.029544504693636918,0.07258928879316306,0.1655975741813914,0.09300828538822832,False,"['about', 'in', 'with', '?', ',']","['about', 'in', 'with', '?', ',']",mask
900,10,65.0,25,choice,6,5.08,0.9964249582791739,5,all,3,6.52,7.316653024644298,0.34800443053245544,0.5516153573989868,-0.20361092686653137,0.0742113759094902,0.2233490456769655,0.14913766976747533,0.2337851252214696,0.2578514437114447,0.02406631848997504,False,"['all', 'doing', 'being', '...', ',']","['all', 'doing', 'being', '...', ',']",mask
901,10,65.0,25,choice,6,5.08,0.9964249582791739,6,this,4,6.82,1.068575617216416,0.09482575207948685,0.09581339359283447,-0.0009876415133476257,0.006080968882921065,0.014719624168099122,0.008638655285178055,0.36347778723751284,0.38873662557717636,0.025258838339663563,False,"['this', 'that', 'these', 'life', 'it']","['this', 'that', 'these', 'life', 'things']",mask
902,10,65.0,25,choice,6,5.08,0.9964249582791739,7,is,2,7.07,8.204936360025501,0.21780019998550415,0.3050551414489746,-0.08725494146347046,0.018620347799345686,0.09043376990676633,0.0718134221074206,0.26009167372864217,0.29784725088997827,0.037755577161336,False,"['is', '?', ',', '-', ':']","['is', '?', ',', ':', '-']",mask
903,10,65.0,25,choice,6,5.08,0.9964249582791739,8,the,3,7.73,4.032598697154909,0.2854662537574768,0.22942380607128143,0.056042447686195374,0.006368086539658607,0.04827596265854282,0.04190787611888421,-0.10720616388674468,0.035426673318438184,0.14263283720518288,False,"['the', 'an', 'this', 'its', 'that']","['the', 'an', 'this', 'its', 'that']",mask
904,10,65.0,25,choice,6,5.08,0.9964249582791739,9,atmosphere,10,4.46,11.08973085456479,7.437308311462402,6.251830577850342,1.1854777336120605,0.07173736001120773,0.23253399246039977,0.16079663244919198,-0.35078957159847074,0.01238194372778091,0.3631715153262517,False,"['form', 'sense', 'kind', 'level', 'amount']","['form', 'kind', 'sense', 'sort', 'level']",mask
905,10,65.0,25,choice,6,5.08,0.9964249582791739,10,of,2,7.4,2.3370083392645147,0.021546486765146255,0.04353095963597298,-0.02198447287082672,0.0103442411705675,0.03185122460566565,0.02150698343509815,0.5051192121962871,0.5145374825400301,0.009418270343742915,False,"['of', 'and', 'or', 'for', 'under']","['of', 'and', 'or', 'under', 'for']",mask
906,10,65.0,25,choice,6,5.08,0.9964249582791739,11,blame,5,4.63,13.487923749814938,15.104743003845215,15.618803024291992,-0.5140600204467773,0.11220669777086455,0.29616276717452017,0.1839560694036557,0.1876475803378714,0.21308498779232615,0.02543740745445473,False,"['life', 'death', 'youth', 'society', 'war']","['life', 'death', 'youth', 'society', 'adolescence']",mask
907,10,65.0,25,choice,6,5.08,0.9964249582791739,12,in,2,7.27,6.7205832524032445,0.09490271657705307,0.10910435020923615,-0.014201633632183075,0.002615591035596478,0.018317298113230195,0.015701707077633714,-0.28581337133989737,0.023968324707390146,0.30978169604728745,False,"['in', 'under', 'within', 'with', 'through']","['in', 'under', 'within', 'through', 'with']",mask
908,10,65.0,25,choice,6,5.08,0.9964249582791739,13,which,5,6.3,4.315448687889257,0.04278873652219772,0.057354580610990524,-0.014565844088792801,0.002459467615711611,0.016461634728276702,0.014002167112565092,0.33347069120107337,0.33424251739696803,0.0007718261958946086,False,"['which', 'that', 'how', 'where', 'it']","['which', 'that', 'how', 'where', 'it']",mask
909,10,65.0,25,choice,6,5.08,0.9964249582791739,14,it,2,6.95,3.0013969172287944,2.076789140701294,2.3796043395996094,-0.30281519889831543,0.07873176886165137,0.23592322656870454,0.15719145770705317,0.09003361517161121,0.11939859342503864,0.02936497825342742,False,"['blame', 'it', 'everything', 'abuse', 'life']","['blame', 'it', 'everything', 'life', 'justice']",mask
910,10,65.0,25,choice,6,5.08,0.9964249582791739,15,is,2,7.07,1.3081637437765874,0.040897201746702194,0.02986311912536621,0.011034082621335983,0.00290237534623657,0.012111938748031507,0.009209563401794942,-0.14874577702780467,0.02169962780338618,0.1704454048311909,False,"['is', 'was', 'are', 'gets', 'being']","['is', 'was', 'are', 'gets', 'were']",mask
911,10,65.0,25,choice,6,5.08,0.9964249582791739,16,carried,7,4.77,7.017450162554626,2.8566648960113525,3.6956751346588135,-0.8390102386474609,0.059478447772048464,0.1920538506936611,0.1325754029216126,0.018355796395353677,0.07582319654546958,0.057467400150115915,False,"['played', 'carried', 'pointed', 'spoken', 'worked']","['played', 'carried', 'laid', 'worked', 'pointed']",mask
912,10,65.0,25,choice,6,5.08,0.9964249582791739,17,out,3,6.38,2.0668413752752377,0.4425019323825836,0.41321754455566406,0.029284387826919556,0.014228664607705867,0.06481860770218101,0.05058994309447513,-0.024481044483372186,0.10717498725892263,0.13165603174229484,False,"['out', ',', 'around', 'on', 'off']","['out', ',', 'on', 'off', 'around']",mask
913,10,65.0,25,choice,6,5.08,0.9964249582791739,18,as,2,6.77,9.546518476208595,1.7058395147323608,1.0985305309295654,0.6073089838027954,0.1286135485824194,0.34932491590293907,0.22071136732051957,-0.12316066392674355,0.15166378471144382,0.2748244486381874,False,"['as', ',', '.', 'even', '-']","[',', 'as', '.', '-', 'even']",mask
914,10,65.0,25,choice,6,5.08,0.9964249582791739,19,though,6,5.5,4.719221302099274,3.5870201587677,2.9649782180786133,0.6220419406890869,0.2847897187449197,0.4317631903171176,0.14697347157219784,-2.6113716632686974,0.0004946076033997878,2.611866270872097,False,"['if', 'though', 'well', 'the', 'in']","['if', 'though', 'the', '.', 'well']",mask
915,10,65.0,25,choice,6,5.08,0.9964249582791739,20,getting,7,5.57,15.245505538097532,1.081071376800537,0.9186537265777588,0.16241765022277832,0.17075078147589562,0.33797814019913913,0.1672273587232435,-0.11139478275772154,0.21477855217417613,0.32617333493189765,False,"['getting', 'being', 'growing', 'becoming', 'living']","['getting', 'growing', 'being', 'becoming', 'the']",mask
916,10,65.0,25,choice,6,5.08,0.9964249582791739,21,older,5,4.92,12.239302688206067,9.378976821899414,8.6143159866333,0.7646608352661133,0.23888897066578546,0.4265012797648602,0.18761230909907478,0.5497517198989411,0.558978961004016,0.009227241105074863,False,"['married', 'pregnant', 'killed', 'sick', 'involved']","['married', 'killed', 'sick', 'rich', 'murdered']",mask
917,10,65.0,25,choice,6,5.08,0.9964249582791739,22,is,2,7.07,2.4196084644731517,2.5513803958892822,0.7392093539237976,1.8121710419654846,3.359042833829915,3.4537784906608646,0.09473565683094885,-3.543703927520643,0.09570286140835056,3.6394067889289925,False,"['is', 'was', 'were', 'are', 'as']","['is', 'in', ',', '.', 'into']",mask
918,10,65.0,25,choice,6,5.08,0.9964249582791739,23,a,1,7.36,2.6160512039308883,0.12854769825935364,0.07525734603404999,0.05329035222530365,0.03397381804943553,0.06989495100161275,0.03592113295217722,-2.455098037910796,0.010538483654918487,2.465636521565714,False,"['a', 'the', 'another', 'their', 'my']","['a', 'the', 'our', 'their', 'another']",mask
919,10,65.0,25,choice,6,5.08,0.9964249582791739,24,lifestyle,9,4.29,11.693408686018646,10.383159637451172,12.653094291687012,-2.26993465423584,6.210499817966671,6.31706740866797,0.10656759070129974,-4.634885780680788,0.038530733566898456,4.673416514247686,False,"['wise', 'good', 'better', 'bad', 'poor']","['matter', 'process', 'whole', 'moment', 'time']",mask
920,10,65.0,26,made,4,5.92,7.5237024834755815,0,what,4,6.38,0.0,0.0006746737053617835,0.0005086423479951918,0.0001660313573665917,2.8623274771493448e-05,0.00016601138118687602,0.00013738810641538248,-0.6416427867306491,1.6307359920716266e-05,0.6416590940905698,False,"['what', 'whatever', 'something', 'that', 'which']","['what', 'whatever', 'something', 'which', 'that']",mask
921,10,65.0,26,made,4,5.92,7.5237024834755815,1,is,2,7.07,5.067392613495786,0.01151769794523716,0.013279690407216549,-0.0017619924619793892,0.000506596997306594,0.002845132731193891,0.0023385357338872974,-0.12648875391976755,0.030444021864129603,0.1569327757838971,False,"['is', 'seems', 'feels', 'gets', 'becomes']","['is', 'seems', 'gets', 'feels', 'becomes']",mask
922,10,65.0,26,made,4,5.92,7.5237024834755815,2,so,2,6.52,7.045905151849227,3.490399122238159,4.1999335289001465,-0.7095344066619873,0.021678190479285896,0.0987003868571975,0.07702219637791163,-0.054436918226111186,0.02713637735246951,0.08157329557858072,False,"['most', 'particularly', 'really', 'especially', 'more']","['most', 'particularly', 'really', 'especially', 'so']",mask
923,10,65.0,26,made,4,5.92,7.5237024834755815,3,unpleasant,10,3.8,10.97457889163446,11.333382606506348,11.343382835388184,-0.010000228881835938,0.023552882261227245,0.11645163610396686,0.09289875384273961,-0.6028054076502555,0.00012802669163450387,0.60293343434189,False,"['special', 'striking', 'different', 'unique', 'interesting']","['special', 'striking', 'different', 'interesting', 'unique']",mask
924,10,65.0,26,made,4,5.92,7.5237024834755815,4,about,5,6.4,1.028931793952807,0.198098286986351,0.18299850821495056,0.015099778771400452,0.0026613875705171516,0.019672396751681667,0.017011009181164508,-0.5000155243659754,0.0016018176143279856,0.5016173419803033,False,"['about', 'in', 'with', '?', ',']","['about', 'in', 'with', '?', ',']",mask
925,10,65.0,26,made,4,5.92,7.5237024834755815,5,all,3,6.52,7.316653024644298,0.5516153573989868,0.3537842333316803,0.19783112406730652,0.04842429736375251,0.16114820675189093,0.11272390938813842,-1.210908574419584,0.0012234236644902583,1.2121319980840743,False,"['all', 'doing', '...', 'being', '-']","['all', 'doing', 'being', '...', ',']",mask
926,10,65.0,26,made,4,5.92,7.5237024834755815,6,this,4,6.82,1.068575617216416,0.09581339359283447,0.07457857578992844,0.021234817802906036,0.005505973660990175,0.021307044409830524,0.015801070748840355,-0.9026158204733654,9.255632516688264e-05,0.9027083767985321,False,"['this', 'that', 'these', 'life', 'things']","['this', 'that', 'these', 'life', 'it']",mask
927,10,65.0,26,made,4,5.92,7.5237024834755815,7,is,2,7.07,8.204936360025501,0.3050551414489746,0.51069176197052,-0.2056366205215454,0.05450495875768172,0.200116643605943,0.14561168484826123,0.31490525107157646,0.3225550946096065,0.00764984353803003,False,"['is', '?', ',', '-', ':']","['is', '?', ',', '-', ':']",mask
928,10,65.0,26,made,4,5.92,7.5237024834755815,8,the,3,7.73,4.032598697154909,0.22942380607128143,0.21923647820949554,0.010187327861785889,0.0010577631207759675,0.009038175386550166,0.0079804122657742,-0.5226858178475828,3.480306891774762e-05,0.5227206209165006,False,"['the', 'an', 'this', 'its', 'that']","['the', 'an', 'this', 'its', 'that']",mask
929,10,65.0,26,made,4,5.92,7.5237024834755815,9,atmosphere,10,4.46,11.08973085456479,6.251830577850342,6.2585039138793945,-0.006673336029052734,0.051100017874713854,0.17583500242814884,0.12473498455343496,-0.10303475833178173,0.01579726930079965,0.1188320276325814,False,"['form', 'kind', 'level', 'sense', 'amount']","['form', 'sense', 'kind', 'level', 'amount']",mask
930,10,65.0,26,made,4,5.92,7.5237024834755815,10,of,2,7.4,2.3370083392645147,0.04353095963597298,0.02447989210486412,0.019051067531108856,0.0051484819362399604,0.018742510762614708,0.013594028826374754,-0.6264787186267896,0.0004615947767929761,0.6269403134035825,False,"['of', 'and', 'or', 'under', 'for']","['of', 'and', 'or', 'for', 'under']",mask
931,10,65.0,26,made,4,5.92,7.5237024834755815,11,blame,5,4.63,13.487923749814938,15.618803024291992,15.964982032775879,-0.3461790084838867,0.06445076298891074,0.20768493190681098,0.14323416891790028,-0.4790631638070978,0.005107634943480696,0.4841707987505784,False,"['life', 'society', 'death', 'youth', 'isolation']","['life', 'death', 'youth', 'society', 'war']",mask
932,10,65.0,26,made,4,5.92,7.5237024834755815,12,in,2,7.27,6.7205832524032445,0.10910435020923615,0.10928234457969666,-0.00017799437046051025,0.0006983099960864062,0.005789908234900731,0.005091598238814324,-0.05632925661870254,0.053724494932312954,0.1100537515510155,False,"['in', 'under', 'within', 'with', 'through']","['in', 'under', 'within', 'with', 'through']",mask
933,10,65.0,26,made,4,5.92,7.5237024834755815,13,which,5,6.3,4.315448687889257,0.057354580610990524,0.07273092865943909,-0.015376348048448563,0.0022912607268908416,0.01736429330844059,0.01507303258154975,-0.25130745805978844,0.00618633813608421,0.2574937961958727,False,"['which', 'that', 'how', 'where', 'it']","['which', 'that', 'how', 'where', 'it']",mask
934,10,65.0,26,made,4,5.92,7.5237024834755815,14,it,2,6.95,3.0013969172287944,2.3796043395996094,2.4518704414367676,-0.0722661018371582,0.23182368240841877,0.42122870830855313,0.18940502590013436,-0.03310014636253025,0.058796719869711724,0.09189686623224197,False,"['it', 'blame', 'everything', 'life', 'suicide']","['blame', 'it', 'everything', 'abuse', 'life']",mask
935,10,65.0,26,made,4,5.92,7.5237024834755815,15,is,2,7.07,1.3081637437765874,0.02986311912536621,0.030399879440665245,-0.0005367603152990341,0.00011964809400414367,0.001014382600936005,0.0008947345069318612,0.21539411518156348,0.24235913349319793,0.026965018311634427,False,"['is', 'was', 'are', 'gets', 'seems']","['is', 'was', 'are', 'gets', 'being']",mask
936,10,65.0,26,made,4,5.92,7.5237024834755815,16,carried,7,4.77,7.017450162554626,3.6956751346588135,3.7494919300079346,-0.053816795349121094,0.027821342794814734,0.10884323216935168,0.08102188937453694,-0.3844884506166721,0.003500359211726962,0.38798880982839895,False,"['played', 'carried', 'pointed', 'spoken', 'worked']","['played', 'carried', 'pointed', 'spoken', 'worked']",mask
937,10,65.0,26,made,4,5.92,7.5237024834755815,17,out,3,6.38,2.0668413752752377,0.41321754455566406,0.30755615234375,0.10566139221191406,0.01883949903382974,0.09067781759375704,0.0718383185599273,-0.5219339095568826,0.004937979900176875,0.5268718894570594,False,"['out', ',', 'on', 'around', 'off']","['out', ',', 'around', 'on', 'off']",mask
938,10,65.0,26,made,4,5.92,7.5237024834755815,18,as,2,6.77,9.546518476208595,1.0985305309295654,1.0918992757797241,0.006631255149841309,0.06594283584121635,0.16490641922899438,0.09896358338777807,-0.7679253911495038,0.036796067087829454,0.8047214582373333,False,"['as', ',', 'even', '.', '-']","['as', ',', '.', 'even', '-']",mask
939,10,65.0,26,made,4,5.92,7.5237024834755815,19,though,6,5.5,4.719221302099274,2.9649782180786133,3.4659571647644043,-0.500978946685791,0.03881469354136677,0.09659143613575233,0.05777674259438555,0.9503482464456737,0.9800864460550014,0.029738199609327373,False,"['if', 'though', 'well', 'the', '.']","['if', 'though', 'well', 'the', 'in']",mask
940,10,65.0,26,made,4,5.92,7.5237024834755815,20,getting,7,5.57,15.245505538097532,0.9186537265777588,1.4981441497802734,-0.5794904232025146,0.1297399086047712,0.33787082885928177,0.20813092025451044,-0.6178406259621744,0.008318204047307804,0.6261588300094822,False,"['getting', 'growing', 'being', 'becoming', 'living']","['getting', 'being', 'growing', 'becoming', 'living']",mask
941,10,65.0,26,made,4,5.92,7.5237024834755815,21,older,5,4.92,12.239302688206067,8.6143159866333,9.042860984802246,-0.4285449981689453,0.05191809569880227,0.19697416861567535,0.1450560729168731,-0.6718868302932176,0.00034711141523852937,0.6722339417084563,False,"['married', 'pregnant', 'killed', 'sick', 'involved']","['married', 'pregnant', 'killed', 'sick', 'involved']",mask
942,10,65.0,26,made,4,5.92,7.5237024834755815,22,is,2,7.07,2.4196084644731517,0.7392093539237976,1.4895819425582886,-0.750372588634491,2.5137411203492013,2.9741365194325913,0.4603953990833887,4.812814129002809,4.851245459541701,0.03843133053889268,False,"['is', ',', '.', '-', 'was']","['is', 'was', 'were', 'are', 'as']",mask
943,10,65.0,26,made,4,5.92,7.5237024834755815,23,a,1,7.36,2.6160512039308883,0.07525734603404999,0.07152029871940613,0.00373704731464386,0.028785141149012594,0.04321909480524222,0.014433953656229622,0.05712353754121542,0.3415073717349921,0.2843838341937768,False,"['a', 'the', 'another', 'some', 'one']","['a', 'the', 'another', 'their', 'my']",mask
944,10,65.0,26,made,4,5.92,7.5237024834755815,24,lifestyle,9,4.29,11.693408686018646,12.653094291687012,13.407062530517578,-0.7539682388305664,0.6973847363804392,0.9617581577095028,0.26437342132906355,-0.07785830625330623,0.09362230423394574,0.17148061048725197,False,"['bad', 'conscious', 'terrible', 'difficult', 'good']","['wise', 'good', 'better', 'bad', 'poor']",mask
945,10,65.0,26,made,4,5.92,7.5237024834755815,25,choice,6,5.08,0.9964249582791739,17.034183502197266,15.85266399383545,1.1815195083618164,3.040223373694253,3.268582672343601,0.22835929864934904,-2.8440069885543067,0.015435111590611698,2.8594421001449186,False,"['that', 'which', 'being', ',', '""']","['of', '""', ',', 'for', 'in']",mask
946,10,65.0,27,by,2,6.66,1.0755304266739252,0,what,4,6.38,0.0,0.0005086423479951918,0.0007469420088455081,-0.00023829966085031629,6.331358321606162e-05,0.00030707332226190655,0.00024375973904584492,0.5329875855379416,0.5339454473367066,0.0009578617987650194,False,"['what', 'whatever', 'which', 'that', 'something']","['what', 'whatever', 'something', 'that', 'which']",mask
947,10,65.0,27,by,2,6.66,1.0755304266739252,1,is,2,7.07,5.067392613495786,0.013279690407216549,0.012479826807975769,0.0007998635992407799,0.00024721384671357857,0.0015754978746052972,0.001328284027891719,-0.24000075263287907,0.01545114785501147,0.2554519004878906,False,"['is', 'seems', 'feels', 'gets', 'becomes']","['is', 'seems', 'feels', 'gets', 'becomes']",mask
948,10,65.0,27,by,2,6.66,1.0755304266739252,2,so,2,6.52,7.045905151849227,4.1999335289001465,3.41790771484375,0.7820258140563965,0.038888276496225296,0.15126917921664199,0.11238090272041674,-0.22666523400945912,0.025667403106410785,0.2523326371158699,False,"['most', 'particularly', 'really', 'so', 'especially']","['most', 'particularly', 'really', 'especially', 'more']",mask
949,10,65.0,27,by,2,6.66,1.0755304266739252,3,unpleasant,10,3.8,10.97457889163446,11.343382835388184,11.222491264343262,0.12089157104492188,0.036272460939675184,0.15859835511057208,0.1223258941708969,0.09755567817887914,0.11634521564376205,0.018789537464882912,False,"['special', 'striking', 'interesting', 'strange', 'different']","['special', 'striking', 'different', 'unique', 'interesting']",mask
950,10,65.0,27,by,2,6.66,1.0755304266739252,4,about,5,6.4,1.028931793952807,0.18299850821495056,0.15122579038143158,0.03177271783351898,0.00553131046561567,0.033690542688018396,0.028159232222402734,-0.1709215248569812,0.004803606095958779,0.17572513095293996,False,"['about', 'in', 'with', ',', 'of']","['about', 'in', 'with', '?', ',']",mask
951,10,65.0,27,by,2,6.66,1.0755304266739252,5,all,3,6.52,7.316653024644298,0.3537842333316803,0.44602063298225403,-0.09223639965057373,0.032188889953964565,0.12116355496629884,0.08897466501233428,0.6553078174251158,0.717094632273579,0.06178681484846306,False,"['all', 'doing', 'being', '...', 'why']","['all', 'doing', '...', 'being', '-']",mask
952,10,65.0,27,by,2,6.66,1.0755304266739252,6,this,4,6.82,1.068575617216416,0.07457857578992844,0.06645944714546204,0.0081191286444664,0.005529974582154175,0.015478158328906465,0.00994818374675229,-0.3130945287170748,0.0037281049011584277,0.31682263361823315,False,"['this', 'that', 'these', 'life', 'it']","['this', 'that', 'these', 'life', 'things']",mask
953,10,65.0,27,by,2,6.66,1.0755304266739252,7,is,2,7.07,8.204936360025501,0.51069176197052,0.8248580098152161,-0.31416624784469604,0.06664534002648478,0.24602213413337687,0.17937679410689203,0.4058782348657163,0.4156500948095845,0.009771859943868233,False,"['is', '?', ',', '-', ':']","['is', '?', ',', '-', ':']",mask
954,10,65.0,27,by,2,6.66,1.0755304266739252,8,the,3,7.73,4.032598697154909,0.21923647820949554,0.13754074275493622,0.08169573545455933,0.02008583228845851,0.0750267399248684,0.05494090763640989,-0.08894451138417268,0.03431418089893634,0.12325869228310901,False,"['the', 'an', 'this', 'its', 'that']","['the', 'an', 'this', 'its', 'that']",mask
955,10,65.0,27,by,2,6.66,1.0755304266739252,9,atmosphere,10,4.46,11.08973085456479,6.2585039138793945,5.889411449432373,0.3690924644470215,0.1322956994728439,0.334091510286244,0.20179581081340006,0.06353842636226674,0.12752983025472028,0.06399140389245357,False,"['form', 'sense', 'kind', 'system', 'level']","['form', 'kind', 'level', 'sense', 'amount']",mask
956,10,65.0,27,by,2,6.66,1.0755304266739252,10,of,2,7.4,2.3370083392645147,0.02447989210486412,0.021219901740550995,0.0032599903643131256,0.00041024329963800627,0.003558519197656378,0.003148275898018372,0.1620044577445248,0.1914347444807827,0.029430286736257874,False,"['of', 'and', 'or', 'for', 'under']","['of', 'and', 'or', 'under', 'for']",mask
957,10,65.0,27,by,2,6.66,1.0755304266739252,11,blame,5,4.63,13.487923749814938,15.964982032775879,15.365525245666504,0.599456787109375,0.10692230671500982,0.2806327029793301,0.17371039626432033,0.3143417824974813,0.33082659227831546,0.016484809780834032,False,"['life', 'youth', 'death', 'society', 'isolation']","['life', 'society', 'death', 'youth', 'isolation']",mask
958,10,65.0,27,by,2,6.66,1.0755304266739252,12,in,2,7.27,6.7205832524032445,0.10928234457969666,0.12242181599140167,-0.013139471411705017,0.0035429434307494953,0.021493093567040124,0.01795015013629063,0.25856463425540865,0.26756127741055236,0.008996643155143789,False,"['in', 'under', 'within', 'with', 'through']","['in', 'under', 'within', 'with', 'through']",mask
959,10,65.0,27,by,2,6.66,1.0755304266739252,13,which,5,6.3,4.315448687889257,0.07273092865943909,0.06538191437721252,0.0073490142822265625,0.0005225373521393881,0.007339035276574185,0.006816497924434796,0.04724777086696502,0.08405721995619721,0.03680944908923218,False,"['which', 'that', 'how', 'where', 'it']","['which', 'that', 'how', 'where', 'it']",mask
960,10,65.0,27,by,2,6.66,1.0755304266739252,14,it,2,6.95,3.0013969172287944,2.4518704414367676,2.105212926864624,0.34665751457214355,0.09933156668775515,0.25972292730224067,0.16039136061448556,0.08323268547866322,0.157628062639739,0.07439537716107578,False,"['it', 'everything', 'blame', 'life', 'justice']","['it', 'blame', 'everything', 'life', 'suicide']",mask
961,10,65.0,27,by,2,6.66,1.0755304266739252,15,is,2,7.07,1.3081637437765874,0.030399879440665245,0.04097761586308479,-0.010577736422419548,0.002171613243327706,0.012884583125580877,0.010712969882253166,0.45297183800332197,0.45635257557398007,0.003380737570657878,False,"['is', 'was', 'are', 'gets', 'seems']","['is', 'was', 'are', 'gets', 'seems']",mask
962,10,65.0,27,by,2,6.66,1.0755304266739252,16,carried,7,4.77,7.017450162554626,3.7494919300079346,3.555649518966675,0.19384241104125977,0.05148766829332938,0.18146473793989756,0.12997706964656813,0.16864446489669035,0.20230879580146424,0.03366433090477391,False,"['played', 'carried', 'worked', 'pointed', 'laid']","['played', 'carried', 'pointed', 'spoken', 'worked']",mask
963,10,65.0,27,by,2,6.66,1.0755304266739252,17,out,3,6.38,2.0668413752752377,0.30755615234375,0.2954353094100952,0.012120842933654785,0.014933119088333557,0.05270350311180145,0.03777038402346791,0.29911959274238764,0.3200650603993842,0.020945467656996723,False,"['out', ',', 'on', 'off', 'around']","['out', ',', 'on', 'around', 'off']",mask
964,10,65.0,27,by,2,6.66,1.0755304266739252,18,as,2,6.77,9.546518476208595,1.0918992757797241,1.278706669807434,-0.18680739402770996,0.034189499965760636,0.1365267138218599,0.10233721385609927,0.5939585873905177,0.6042875114541455,0.010328924063627662,False,"['as', ',', '.', 'even', '-']","['as', ',', 'even', '.', '-']",mask
965,10,65.0,27,by,2,6.66,1.0755304266739252,19,though,6,5.5,4.719221302099274,3.4659571647644043,3.8300135135650635,-0.3640563488006592,0.040154242812783646,0.11410259714878833,0.0739483543360047,0.6365180484330021,0.6490575177599437,0.012539469326941628,False,"['if', 'though', 'the', '.', 'well']","['if', 'though', 'well', 'the', '.']",mask
966,10,65.0,27,by,2,6.66,1.0755304266739252,20,getting,7,5.57,15.245505538097532,1.4981441497802734,1.566331148147583,-0.06818699836730957,0.050759945118890155,0.13319874488025066,0.08243879976136051,1.3424519121728398,1.3428067091499487,0.00035479697710904656,False,"['getting', 'growing', 'being', 'becoming', 'the']","['getting', 'growing', 'being', 'becoming', 'living']",mask
967,10,65.0,27,by,2,6.66,1.0755304266739252,21,older,5,4.92,12.239302688206067,9.042860984802246,8.391379356384277,0.6514816284179688,0.05685180461290178,0.17732244408782938,0.12047063947492762,0.2390137273331033,0.24324940765535386,0.004235680322250503,False,"['married', 'pregnant', 'killed', 'rich', 'sick']","['married', 'pregnant', 'killed', 'sick', 'involved']",mask
968,10,65.0,27,by,2,6.66,1.0755304266739252,22,is,2,7.07,2.4196084644731517,1.4895819425582886,2.271268129348755,-0.7816861867904663,0.16790536459177063,0.38997434648128393,0.22206898188951346,0.7183029167729011,0.7251485831398768,0.0068456663669758284,False,"[',', 'is', '-', '.', 'was']","['is', ',', '.', '-', 'was']",mask
969,10,65.0,27,by,2,6.66,1.0755304266739252,23,a,1,7.36,2.6160512039308883,0.07152029871940613,0.2123282551765442,-0.14080795645713806,0.11679655538179937,0.2428907007731211,0.12609414539132177,-0.18447580331237762,0.05650871322191335,0.2409845165342911,False,"['a', 'the', 'another', 'some', 'one']","['a', 'the', 'another', 'some', 'one']",mask
970,10,65.0,27,by,2,6.66,1.0755304266739252,24,lifestyle,9,4.29,11.693408686018646,13.407062530517578,12.279351234436035,1.127711296081543,0.17589383400043382,0.3906145980441308,0.21472076404369694,0.0846858735390838,0.1300711838224897,0.0453853102834059,False,"['conscious', 'bad', 'natural', 'moral', 'wise']","['bad', 'conscious', 'terrible', 'difficult', 'good']",mask
971,10,65.0,27,by,2,6.66,1.0755304266739252,25,choice,6,5.08,0.9964249582791739,15.85266399383545,6.1240153312683105,9.728648662567139,3.7073893388772725,3.8062222639652656,0.0988329250879931,0.2453945946102544,0.48866902575272064,0.24327443114246627,False,"['being', ',', 'entirely', 'simply', 'decision']","['that', 'which', 'being', ',', '""']",mask
972,10,65.0,27,by,2,6.66,1.0755304266739252,26,made,4,5.92,7.5237024834755815,13.591012001037598,2.591548442840576,10.999463558197021,10.4701490918332,10.619813151442903,0.14966405960970222,-7.495625480386209,0.03349434300038656,7.529119823386593,False,"['made', 'followed', 'dictated', 'driven', ',']","['.', ':', ',', '-', ';']",mask
973,10,65.0,28,lazy,4,4.24,11.514152883887773,0,what,4,6.38,0.0,0.0007469420088455081,0.00069342867936939,5.351332947611809e-05,1.085495462101745e-05,8.190031307354667e-05,7.104535845252925e-05,-0.022461603531246255,0.060639376486527875,0.08310098001777412,False,"['what', 'whatever', 'which', 'that', 'something']","['what', 'whatever', 'which', 'that', 'something']",mask
974,10,65.0,28,lazy,4,4.24,11.514152883887773,1,is,2,7.07,5.067392613495786,0.012479826807975769,0.01283029280602932,-0.0003504659980535507,0.00033224115830959676,0.0016165202731805886,0.001284279114870992,-0.2572329840097661,0.01387349754094729,0.27110648155071343,False,"['is', 'seems', 'gets', 'feels', 'becomes']","['is', 'seems', 'feels', 'gets', 'becomes']",mask
975,10,65.0,28,lazy,4,4.24,11.514152883887773,2,so,2,6.52,7.045905151849227,3.41790771484375,3.666726589202881,-0.24881887435913086,0.015196299600974182,0.09646594835437551,0.08126964875340133,-0.20631397184703043,0.019600380293047986,0.2259143521400784,False,"['most', 'particularly', 'especially', 'really', 'so']","['most', 'particularly', 'really', 'so', 'especially']",mask
976,10,65.0,28,lazy,4,4.24,11.514152883887773,3,unpleasant,10,3.8,10.97457889163446,11.222491264343262,10.365525245666504,0.8569660186767578,0.046659625198565854,0.17737568336556667,0.1307160581670008,0.20950397448058283,0.2328319479565521,0.023327973475969252,False,"['striking', 'interesting', 'special', 'strange', 'different']","['special', 'striking', 'interesting', 'strange', 'different']",mask
977,10,65.0,28,lazy,4,4.24,11.514152883887773,4,about,5,6.4,1.028931793952807,0.15122579038143158,0.12430810183286667,0.02691768854856491,0.0039909812319985855,0.027570657495651893,0.023579676263653312,-0.03704033500664559,0.037277628397925124,0.0743179634045707,False,"['about', 'in', 'with', 'of', ',']","['about', 'in', 'with', ',', 'of']",mask
978,10,65.0,28,lazy,4,4.24,11.514152883887773,5,all,3,6.52,7.316653024644298,0.44602063298225403,0.38438573479652405,0.06163489818572998,0.01682479550879439,0.07337364555904276,0.05654885005024838,-0.08801472707446283,0.04811251561469052,0.13612724268915335,False,"['all', 'doing', 'being', '...', 'eating']","['all', 'doing', 'being', '...', 'why']",mask
979,10,65.0,28,lazy,4,4.24,11.514152883887773,6,this,4,6.82,1.068575617216416,0.06645944714546204,0.1016596183180809,-0.035200171172618866,0.018378794794271115,0.05118601545633729,0.03280722066206618,0.6108893305049558,0.6112471165940683,0.0003577860891127983,False,"['this', 'that', 'these', 'life', 'it']","['this', 'that', 'these', 'life', 'it']",mask
980,10,65.0,28,lazy,4,4.24,11.514152883887773,7,is,2,7.07,8.204936360025501,0.8248580098152161,0.41821545362472534,0.4066425561904907,0.11096131537261564,0.30564938610827286,0.19468807073565733,-0.31442960450350255,0.0043170739225578455,0.3187466784260603,False,"['is', '?', ',', '-', ':']","['is', '?', ',', '-', ':']",mask
981,10,65.0,28,lazy,4,4.24,11.514152883887773,8,the,3,7.73,4.032598697154909,0.13754074275493622,0.17006459832191467,-0.032523855566978455,0.005120832991302024,0.03692910051704652,0.0318082675257445,0.22356225694696313,0.24292204594081346,0.01935978899385027,False,"['the', 'an', 'this', 'its', 'that']","['the', 'an', 'this', 'its', 'that']",mask
982,10,65.0,28,lazy,4,4.24,11.514152883887773,9,atmosphere,10,4.46,11.08973085456479,5.889411449432373,6.050095558166504,-0.16068410873413086,0.10475836021903079,0.2926217363743886,0.18786337615535775,-0.2193543840822941,0.010250026672272674,0.22960441075456683,False,"['form', 'sense', 'kind', 'system', 'level']","['form', 'sense', 'kind', 'system', 'level']",mask
983,10,65.0,28,lazy,4,4.24,11.514152883887773,10,of,2,7.4,2.3370083392645147,0.021219901740550995,0.028584148734807968,-0.007364246994256973,0.001468737462016499,0.008726649156031956,0.007257911694015456,0.5421635917133433,0.5457429785939087,0.00357938688056542,False,"['of', 'and', 'or', 'for', 'to']","['of', 'and', 'or', 'for', 'under']",mask
984,10,65.0,28,lazy,4,4.24,11.514152883887773,11,blame,5,4.63,13.487923749814938,15.365525245666504,14.338217735290527,1.0273075103759766,0.12918427117710699,0.31576035842174394,0.18657608724463698,-0.3562275543709209,0.03333390751856657,0.38956146188948737,False,"['life', 'youth', 'society', 'death', 'poverty']","['life', 'youth', 'death', 'society', 'isolation']",mask
985,10,65.0,28,lazy,4,4.24,11.514152883887773,12,in,2,7.27,6.7205832524032445,0.12242181599140167,0.1379934549331665,-0.015571638941764832,0.001815349983457442,0.016947454156739976,0.015132104173282536,0.34584826631546584,0.3543790493338479,0.00853078301838211,False,"['in', 'under', 'within', 'with', 'through']","['in', 'under', 'within', 'with', 'through']",mask
986,10,65.0,28,lazy,4,4.24,11.514152883887773,13,which,5,6.3,4.315448687889257,0.06538191437721252,0.05416389927268028,0.011218015104532242,0.0012547112237323845,0.011116959685185038,0.009862248461452653,0.03678875380052064,0.08322602166512602,0.04643726786460538,False,"['which', 'that', 'how', 'it', 'where']","['which', 'that', 'how', 'where', 'it']",mask
987,10,65.0,28,lazy,4,4.24,11.514152883887773,14,it,2,6.95,3.0013969172287944,2.105212926864624,2.2895872592926025,-0.18437433242797852,0.1282672635484538,0.3116441698642197,0.18337690631576592,-0.07235555318240265,0.08913897268304102,0.1614945258654437,False,"['it', 'blame', 'life', 'everything', 'suicide']","['it', 'everything', 'blame', 'life', 'justice']",mask
988,10,65.0,28,lazy,4,4.24,11.514152883887773,15,is,2,7.07,1.3081637437765874,0.04097761586308479,0.031276967376470566,0.009700648486614227,0.0014504735217453386,0.009512772073558272,0.00806229855181293,-0.2680150634075673,0.011315522452041005,0.27933058585960835,False,"['is', 'was', 'are', 'gets', 'seems']","['is', 'was', 'are', 'gets', 'seems']",mask
989,10,65.0,28,lazy,4,4.24,11.514152883887773,16,carried,7,4.77,7.017450162554626,3.555649518966675,3.5911576747894287,-0.035508155822753906,0.04081902579311637,0.16541671959091278,0.12459769379779641,-0.05912251488346759,0.059038062019039814,0.11816057690250739,False,"['played', 'carried', 'pointed', 'worked', 'spoken']","['played', 'carried', 'worked', 'pointed', 'laid']",mask
990,10,65.0,28,lazy,4,4.24,11.514152883887773,17,out,3,6.38,2.0668413752752377,0.2954353094100952,0.49128395318984985,-0.19584864377975464,0.05782840456646387,0.19793662375480664,0.1401082191883428,0.676766405239529,0.6776965586406459,0.0009301534011171325,False,"['out', ',', 'on', 'around', 'off']","['out', ',', 'on', 'off', 'around']",mask
991,10,65.0,28,lazy,4,4.24,11.514152883887773,18,as,2,6.77,9.546518476208595,1.278706669807434,1.3631647825241089,-0.0844581127166748,0.019473069484526165,0.10462813335368432,0.08515506386915814,-0.23638212288999355,0.052578373793901845,0.2889604966838955,False,"['as', ',', '.', 'even', '-']","['as', ',', '.', 'even', '-']",mask
992,10,65.0,28,lazy,4,4.24,11.514152883887773,19,though,6,5.5,4.719221302099274,3.8300135135650635,4.199413776397705,-0.3694002628326416,0.01529464391641101,0.07314740240008824,0.05785275848367722,-0.3146709150276067,0.04013183116665684,0.3548027461942636,False,"['if', 'though', 'the', 'well', '.']","['if', 'though', 'the', '.', 'well']",mask
993,10,65.0,28,lazy,4,4.24,11.514152883887773,20,getting,7,5.57,15.245505538097532,1.566331148147583,1.330836534500122,0.23549461364746094,0.08921640805523431,0.23527941108709244,0.14606300303185815,-1.6498421716580602,0.004194835850562368,1.6540370075086226,False,"['getting', 'growing', 'being', 'becoming', 'living']","['getting', 'growing', 'being', 'becoming', 'the']",mask
994,10,65.0,28,lazy,4,4.24,11.514152883887773,21,older,5,4.92,12.239302688206067,8.391379356384277,8.713778495788574,-0.3223991394042969,0.08303706531807037,0.21333658944566372,0.13029952412759332,-0.15767282529969562,0.08181843441011097,0.23949125970980648,False,"['married', 'killed', 'pregnant', 'rich', 'sick']","['married', 'pregnant', 'killed', 'rich', 'sick']",mask
995,10,65.0,28,lazy,4,4.24,11.514152883887773,22,is,2,7.07,2.4196084644731517,2.271268129348755,1.7710916996002197,0.5001764297485352,0.08205496753793196,0.2517577494446017,0.16970278190666968,-0.034562843765764704,0.1363178166107224,0.17088066037648705,False,"[',', 'is', '-', 'was', '.']","[',', 'is', '-', '.', 'was']",mask
996,10,65.0,28,lazy,4,4.24,11.514152883887773,23,a,1,7.36,2.6160512039308883,0.2123282551765442,0.1272278130054474,0.0851004421710968,0.020934700791506503,0.07939315363477698,0.05845845284327046,-0.20671153184812419,0.09763788160452634,0.3043494134526505,False,"['a', 'the', 'another', 'some', 'one']","['a', 'the', 'another', 'some', 'one']",mask
997,10,65.0,28,lazy,4,4.24,11.514152883887773,24,lifestyle,9,4.29,11.693408686018646,12.279351234436035,11.066530227661133,1.2128210067749023,0.2203171639711154,0.46357327247846114,0.24325610850734575,0.09501204076067668,0.1823191623195459,0.0873071215588692,False,"['bad', 'moral', 'conscious', 'deliberate', 'stupid']","['conscious', 'bad', 'natural', 'moral', 'wise']",mask
998,10,65.0,28,lazy,4,4.24,11.514152883887773,25,choice,6,5.08,0.9964249582791739,6.1240153312683105,8.172873497009277,-2.048858165740967,0.35228704463060395,0.5741514740996096,0.22186442946900575,-0.3992910326741515,0.0639345652579126,0.4632255979320641,False,"['being', ',', 'entirely', 'always', 'usually']","['being', ',', 'entirely', 'simply', 'decision']",mask
999,10,65.0,28,lazy,4,4.24,11.514152883887773,26,made,4,5.92,7.5237024834755815,2.591548442840576,2.739440679550171,-0.14789223670959473,0.5433218636521469,0.7851456413940864,0.2418237777419396,-0.20176175630798823,0.1270505520428724,0.32881230835086067,False,"['followed', 'made', 'driven', 'dictated', 'caused']","['made', 'followed', 'dictated', 'driven', ',']",mask
1000,10,65.0,28,lazy,4,4.24,11.514152883887773,27,by,2,6.66,1.0755304266739252,1.318312406539917,0.9506986737251282,0.3676137328147888,0.22764162474264887,0.41395661709289566,0.1863149923502468,0.7422880023136229,1.16618102320884,0.4238930208952171,False,"['by', ':', '.', 'for', '-']","['by', 'for', '.', ':', 'to']",mask
1001,10,65.0,29,women,5,5.57,7.790036689038194,0,what,4,6.38,0.0,0.00069342867936939,0.0006296798819676042,6.374879740178585e-05,4.502884584411043e-06,6.4348162795766e-05,5.9845278211354935e-05,-0.14390176361735607,7.071616065069548e-05,0.1439724797780068,False,"['what', 'whatever', 'which', 'that', 'something']","['what', 'whatever', 'which', 'that', 'something']",mask
1002,10,65.0,29,women,5,5.57,7.790036689038194,1,is,2,7.07,5.067392613495786,0.01283029280602932,0.011760598048567772,0.0010696947574615479,7.836872481382882e-05,0.0010944217955403933,0.0010160530707265655,-0.1396275186234594,0.00026844701976879375,0.13989596564322823,False,"['is', 'seems', 'gets', 'becomes', 'feels']","['is', 'seems', 'gets', 'feels', 'becomes']",mask
1003,10,65.0,29,women,5,5.57,7.790036689038194,2,so,2,6.52,7.045905151849227,3.666726589202881,3.879094123840332,-0.21236753463745117,0.006458040817559342,0.06074634372074182,0.05428830290318249,-0.09438109374568412,0.000383727679104686,0.0947648214247888,False,"['most', 'particularly', 'especially', 'really', 'so']","['most', 'particularly', 'especially', 'really', 'so']",mask
1004,10,65.0,29,women,5,5.57,7.790036689038194,3,unpleasant,10,3.8,10.97457889163446,10.365525245666504,10.598564147949219,-0.23303890228271484,0.011137273523651972,0.07496535164967821,0.06382807812602624,-0.21289967003251964,0.0005633816363738188,0.21346305166889346,False,"['striking', 'strange', 'interesting', 'special', 'different']","['striking', 'interesting', 'special', 'strange', 'different']",mask
1005,10,65.0,29,women,5,5.57,7.790036689038194,4,about,5,6.4,1.028931793952807,0.12430810183286667,0.10660912096500397,0.0176989808678627,0.0018368350656122177,0.016469328739208738,0.014632493673596524,-0.4574974193332034,5.8712465475048584e-05,0.45755613179867843,False,"['about', 'in', 'with', 'of', ',']","['about', 'in', 'with', 'of', ',']",mask
1006,10,65.0,29,women,5,5.57,7.790036689038194,5,all,3,6.52,7.316653024644298,0.38438573479652405,0.3333069086074829,0.05107882618904114,0.0115131786668576,0.0545204646715171,0.043007286004659515,-0.43053383198985684,0.0037255949278265127,0.4342594269176834,False,"['all', 'doing', 'being', '...', 'eating']","['all', 'doing', 'being', '...', 'eating']",mask
1007,10,65.0,29,women,5,5.57,7.790036689038194,6,this,4,6.82,1.068575617216416,0.1016596183180809,0.066256582736969,0.03540303558111191,0.010589410207325886,0.03432936792165842,0.02373995771433255,-0.6539313309093145,0.000993940118906163,0.6549252710282207,False,"['this', 'that', 'these', 'life', 'it']","['this', 'that', 'these', 'life', 'it']",mask
1008,10,65.0,29,women,5,5.57,7.790036689038194,7,is,2,7.07,8.204936360025501,0.41821545362472534,0.28527799248695374,0.1329374611377716,0.02318843393933748,0.10956785482175506,0.08637942088241755,-0.42802526294061316,0.00013113372895027023,0.42815639666956345,False,"['is', '?', ',', '-', ':']","['is', '?', ',', '-', ':']",mask
1009,10,65.0,29,women,5,5.57,7.790036689038194,8,the,3,7.73,4.032598697154909,0.17006459832191467,0.1400953084230423,0.029969289898872375,0.002907177243227916,0.027282094816247073,0.02437491757301915,-0.1851481662127525,0.0015556133624827111,0.1867037795752352,False,"['the', 'an', 'this', 'its', 'that']","['the', 'an', 'this', 'its', 'that']",mask
1010,10,65.0,29,women,5,5.57,7.790036689038194,9,atmosphere,10,4.46,11.08973085456479,6.050095558166504,5.955799579620361,0.09429597854614258,0.016833793425598174,0.09178264798832285,0.0749488545627247,-0.009008533236062228,0.01296724809530669,0.02197578133136892,False,"['form', 'sense', 'kind', 'system', 'level']","['form', 'sense', 'kind', 'system', 'level']",mask
1011,10,65.0,29,women,5,5.57,7.790036689038194,10,of,2,7.4,2.3370083392645147,0.028584148734807968,0.02992817386984825,-0.0013440251350402832,0.00015631615334718864,0.0020980160213640592,0.0019416998680168692,-0.12975160772022787,0.012861991697268298,0.14261359941749613,False,"['of', 'and', 'or', 'for', 'under']","['of', 'and', 'or', 'for', 'to']",mask
1012,10,65.0,29,women,5,5.57,7.790036689038194,11,blame,5,4.63,13.487923749814938,14.338217735290527,14.263656616210938,0.07456111907958984,0.19466159304045286,0.40084241474985105,0.2061808217093981,0.07027141520488332,0.11267900244902924,0.04240758724414591,False,"['life', 'society', 'poverty', 'boredom', 'youth']","['life', 'youth', 'society', 'death', 'poverty']",mask
1013,10,65.0,29,women,5,5.57,7.790036689038194,12,in,2,7.27,6.7205832524032445,0.1379934549331665,0.1351790875196457,0.002814367413520813,0.0007784028861396775,0.006399855640436031,0.005621452754296353,-0.3890373273029639,0.0007762675417405404,0.38981359484470446,False,"['in', 'under', 'with', 'within', 'through']","['in', 'under', 'within', 'with', 'through']",mask
1014,10,65.0,29,women,5,5.57,7.790036689038194,13,which,5,6.3,4.315448687889257,0.05416389927268028,0.05717751383781433,-0.0030136145651340485,0.00024965917203658913,0.003938896837491649,0.003689237665455059,-0.16279064322259168,0.007593173859120808,0.17038381708171244,False,"['which', 'that', 'how', 'it', 'where']","['which', 'that', 'how', 'it', 'where']",mask
1015,10,65.0,29,women,5,5.57,7.790036689038194,14,it,2,6.95,3.0013969172287944,2.2895872592926025,2.118288040161133,0.17129921913146973,0.0938315699139039,0.24952507357758125,0.15569350366367737,0.1743146882512038,0.19362971146849695,0.019315023217293163,False,"['it', 'blame', 'life', 'everything', 'suicide']","['it', 'blame', 'life', 'everything', 'suicide']",mask
1016,10,65.0,29,women,5,5.57,7.790036689038194,15,is,2,7.07,1.3081637437765874,0.031276967376470566,0.027768831700086594,0.003508135676383972,0.0002525944983938408,0.0034416040966071776,0.003189009598213336,-0.32277811022041136,0.00017240062658939833,0.3229505108470008,False,"['is', 'was', 'are', 'gets', 'seems']","['is', 'was', 'are', 'gets', 'seems']",mask
1017,10,65.0,29,women,5,5.57,7.790036689038194,16,carried,7,4.77,7.017450162554626,3.5911576747894287,3.7079648971557617,-0.11680722236633301,0.02995097551867309,0.13745191883875266,0.1075009433200796,-0.15758209664220293,0.0013126967038883663,0.1588947933460913,False,"['played', 'carried', 'pointed', 'spoken', 'worked']","['played', 'carried', 'pointed', 'worked', 'spoken']",mask
1018,10,65.0,29,women,5,5.57,7.790036689038194,17,out,3,6.38,2.0668413752752377,0.49128395318984985,0.5152980089187622,-0.024014055728912354,0.007249088715702587,0.04492043021819793,0.03767134150249535,0.05793295323139294,0.0723369262470048,0.014403973015611835,False,"['out', ',', 'around', 'on', 'about']","['out', ',', 'on', 'around', 'off']",mask
1019,10,65.0,29,women,5,5.57,7.790036689038194,18,as,2,6.77,9.546518476208595,1.3631647825241089,1.2259941101074219,0.137170672416687,0.006042180570836924,0.060360482838138496,0.05431830226730156,-0.09571535843799729,0.006923798654629295,0.10263915709262655,False,"['as', ',', '.', 'even', '-']","['as', ',', '.', 'even', '-']",mask
1020,10,65.0,29,women,5,5.57,7.790036689038194,19,though,6,5.5,4.719221302099274,4.199413776397705,3.7679429054260254,0.4314708709716797,0.045257184142890705,0.10740024463841281,0.062143060495522116,-0.8715752817747229,0.006530997133851936,0.8781062789085748,False,"['if', 'though', 'well', '.', 'not']","['if', 'though', 'the', 'well', '.']",mask
1021,10,65.0,29,women,5,5.57,7.790036689038194,20,getting,7,5.57,15.245505538097532,1.330836534500122,1.1029536724090576,0.22788286209106445,0.028105258936693436,0.14109961907600663,0.11299436013931317,0.03362589430847015,0.06435900831014343,0.03073311400167328,False,"['getting', 'growing', 'being', 'becoming', 'living']","['getting', 'growing', 'being', 'becoming', 'living']",mask
1022,10,65.0,29,women,5,5.57,7.790036689038194,21,older,5,4.92,12.239302688206067,8.713778495788574,10.17723274230957,-1.463454246520996,0.3846748532388312,0.6518199859375046,0.26714513269867335,-1.3397808236325643,0.0025240351276404793,1.3423048587602049,False,"['married', 'pregnant', 'divorced', 'rich', 'paid']","['married', 'killed', 'pregnant', 'rich', 'sick']",mask
1023,10,65.0,29,women,5,5.57,7.790036689038194,22,is,2,7.07,2.4196084644731517,1.7710916996002197,1.5447009801864624,0.22639071941375732,0.10854998053840077,0.25685381058180895,0.1483038300434082,-0.05377176419948364,0.17272566555868454,0.22649742975816817,False,"['is', ',', 'was', '.', '-']","[',', 'is', '-', 'was', '.']",mask
1024,10,65.0,29,women,5,5.57,7.790036689038194,23,a,1,7.36,2.6160512039308883,0.1272278130054474,0.11161282658576965,0.015614986419677734,0.0013026960075988464,0.015251023776872605,0.013948327769273764,-0.25960670137238284,0.007192683206675726,0.2667993845790585,False,"['a', 'the', 'another', 'some', 'one']","['a', 'the', 'another', 'some', 'one']",mask
1025,10,65.0,29,women,5,5.57,7.790036689038194,24,lifestyle,9,4.29,11.693408686018646,11.066530227661133,9.595991134643555,1.4705390930175781,0.07211503468464586,0.20817876194610901,0.1360637272614632,-0.02872636367488192,0.022043951212223405,0.050770314887105324,False,"['bad', 'deliberate', 'moral', 'conscious', 'foolish']","['bad', 'moral', 'conscious', 'deliberate', 'stupid']",mask
1026,10,65.0,29,women,5,5.57,7.790036689038194,25,choice,6,5.08,0.9964249582791739,8.172873497009277,7.836254119873047,0.33661937713623047,0.25402561391526796,0.49566056212684245,0.2416349482115745,-0.25352105830578003,0.06397956293354293,0.317500621239323,False,"['being', 'often', ',', 'usually', 'deliberately']","['being', ',', 'entirely', 'always', 'usually']",mask
1027,10,65.0,29,women,5,5.57,7.790036689038194,26,made,4,5.92,7.5237024834755815,2.739440679550171,1.381763219833374,1.3576774597167969,1.071663549764223,1.347933732429854,0.2762701826656307,-0.19414162358761233,0.05273450895700803,0.24687613254462037,False,"['made', 'used', 'preferred', 'followed', 'taken']","['followed', 'made', 'driven', 'dictated', 'caused']",mask
1028,10,65.0,29,women,5,5.57,7.790036689038194,27,by,2,6.66,1.0755304266739252,0.9506986737251282,0.7138117551803589,0.2368869185447693,0.7103087709795967,0.8257203458477238,0.11541157486812728,-2.1452532867598397,0.20695102829044268,2.3522043150502823,False,"['by', 'for', 'because', 'and', 'when']","['by', ':', '.', 'for', '-']",mask
1029,10,65.0,29,women,5,5.57,7.790036689038194,28,lazy,4,4.24,11.514152883887773,14.559854507446289,12.688733100891113,1.8711214065551758,3.3815117766654725,3.473888651827073,0.09237687516160008,-2.7454958219293695,0.13174374970484548,2.8772395716342145,False,"['the', 'many', 'some', 'young', 'other']","['a', 'the', 'being', ':', 'how']",mask
1030,10,65.0,30,rather,6,5.32,7.586584865016182,0,what,4,6.38,0.0,0.0006296798819676042,0.0006765663856640458,-4.688650369644165e-05,6.232372077611879e-06,6.228733879295287e-05,5.605496671534097e-05,0.13295975570470417,0.14469989952013243,0.011740143815428289,False,"['what', 'whatever', 'which', 'that', 'something']","['what', 'whatever', 'which', 'that', 'something']",mask
1031,10,65.0,30,rather,6,5.32,7.586584865016182,1,is,2,7.07,5.067392613495786,0.011760598048567772,0.011965472251176834,-0.0002048742026090622,6.144440059277342e-05,0.0005362481500083041,0.0004748037494155306,-0.12154113445801773,0.023549411421052713,0.14509054587907042,False,"['is', 'seems', 'gets', 'becomes', 'feels']","['is', 'seems', 'gets', 'becomes', 'feels']",mask
1032,10,65.0,30,rather,6,5.32,7.586584865016182,2,so,2,6.52,7.045905151849227,3.879094123840332,4.441145420074463,-0.5620512962341309,0.010814488488269679,0.07073895336284738,0.0599244648745777,-0.1867337627437095,0.0026087006622570177,0.18934246340596655,False,"['most', 'particularly', 'especially', 'really', 'more']","['most', 'particularly', 'especially', 'really', 'so']",mask
1033,10,65.0,30,rather,6,5.32,7.586584865016182,3,unpleasant,10,3.8,10.97457889163446,10.598564147949219,10.830391883850098,-0.2318277359008789,0.019326182284166445,0.10350772899658878,0.08418154671242235,-0.22902644464635274,0.0007437396976390208,0.2297701843439918,False,"['striking', 'interesting', 'strange', 'special', 'remarkable']","['striking', 'strange', 'interesting', 'special', 'different']",mask
1034,10,65.0,30,rather,6,5.32,7.586584865016182,4,about,5,6.4,1.028931793952807,0.10660912096500397,0.08659347891807556,0.020015642046928406,0.003374613704201951,0.01889324949614248,0.015518635791940542,-0.5000921981382925,0.002184521281957743,0.5022767194202503,False,"['about', 'in', 'with', 'of', ',']","['about', 'in', 'with', 'of', ',']",mask
1035,10,65.0,30,rather,6,5.32,7.586584865016182,5,all,3,6.52,7.316653024644298,0.3333069086074829,0.25010132789611816,0.08320558071136475,0.018637550659139714,0.07365924937160327,0.055021698712463554,-0.6639071570186873,0.003370707213159565,0.6672778642318468,False,"['all', 'doing', 'being', '...', 'having']","['all', 'doing', 'being', '...', 'eating']",mask
1036,10,65.0,30,rather,6,5.32,7.586584865016182,6,this,4,6.82,1.068575617216416,0.066256582736969,0.07109204679727554,-0.004835464060306549,0.0010503973682416262,0.007212498533089015,0.00616210116484739,-0.13180614244598346,0.015406428647929687,0.14721257109391314,False,"['this', 'that', 'these', 'life', 'it']","['this', 'that', 'these', 'life', 'it']",mask
1037,10,65.0,30,rather,6,5.32,7.586584865016182,7,is,2,7.07,8.204936360025501,0.28527799248695374,0.15185007452964783,0.1334279179573059,0.03793098066818856,0.12052209205071085,0.08259111138252229,-0.7802192192901739,3.489434301162577e-05,0.7802541136331855,False,"['is', '?', ',', '-', ':']","['is', '?', ',', '-', ':']",mask
1038,10,65.0,30,rather,6,5.32,7.586584865016182,8,the,3,7.73,4.032598697154909,0.1400953084230423,0.09355203807353973,0.046543270349502563,0.010140416733523233,0.04366765583106367,0.03352723909754044,-0.49842806667667267,0.0001566673565009495,0.4985847340331736,False,"['the', 'an', 'this', 'its', 'that']","['the', 'an', 'this', 'its', 'that']",mask
1039,10,65.0,30,rather,6,5.32,7.586584865016182,9,atmosphere,10,4.46,11.08973085456479,5.955799579620361,6.33681058883667,-0.3810110092163086,0.049479428819925675,0.19526459334185167,0.14578516452192603,-0.06258086868831308,0.02095970339799029,0.08354057208630337,False,"['sense', 'form', 'kind', 'amount', 'level']","['form', 'sense', 'kind', 'system', 'level']",mask
1040,10,65.0,30,rather,6,5.32,7.586584865016182,10,of,2,7.4,2.3370083392645147,0.02992817386984825,0.026174521073698997,0.003753652796149254,0.0005989294129456979,0.004683032847465777,0.004084103434520079,-0.31346164212400435,0.02041607301434309,0.33387771513834746,False,"['of', 'and', 'for', 'or', 'to']","['of', 'and', 'or', 'for', 'under']",mask
1041,10,65.0,30,rather,6,5.32,7.586584865016182,11,blame,5,4.63,13.487923749814938,14.263656616210938,14.518943786621094,-0.25528717041015625,0.04149782019637465,0.14981885326221023,0.10832103306583558,0.026914394503475592,0.08782527448293394,0.06091087997945837,False,"['society', 'life', 'poverty', 'isolation', 'youth']","['life', 'society', 'poverty', 'boredom', 'youth']",mask
1042,10,65.0,30,rather,6,5.32,7.586584865016182,12,in,2,7.27,6.7205832524032445,0.1351790875196457,0.12877802550792694,0.00640106201171875,0.0008016412803506635,0.008743338453135864,0.0079416971727852,-0.22069315557548552,0.016122358600884002,0.23681551417636953,False,"['in', 'under', 'with', 'within', 'through']","['in', 'under', 'with', 'within', 'through']",mask
1043,10,65.0,30,rather,6,5.32,7.586584865016182,13,which,5,6.3,4.315448687889257,0.05717751383781433,0.0640687420964241,-0.006891228258609772,0.0006745399283155823,0.007876426652802582,0.007201886724486998,-0.15465675445404775,0.011375268770521444,0.1660320232245692,False,"['which', 'that', 'how', 'it', 'where']","['which', 'that', 'how', 'it', 'where']",mask
1044,10,65.0,30,rather,6,5.32,7.586584865016182,14,it,2,6.95,3.0013969172287944,2.118288040161133,2.2500083446502686,-0.13172030448913574,0.06727561166631217,0.21129783454272455,0.14402222287641245,-0.2550947965072174,0.011877591948832339,0.26697238845604976,False,"['it', 'blame', 'suicide', 'life', 'everything']","['it', 'blame', 'life', 'everything', 'suicide']",mask
1045,10,65.0,30,rather,6,5.32,7.586584865016182,15,is,2,7.07,1.3081637437765874,0.027768831700086594,0.028347522020339966,-0.0005786903202533722,2.9293500623380823e-05,0.000641659404142602,0.0006123659035192212,-0.031077381957856136,0.024393074301248183,0.05547045625910432,False,"['is', 'was', 'are', 'gets', 'seems']","['is', 'was', 'are', 'gets', 'seems']",mask
1046,10,65.0,30,rather,6,5.32,7.586584865016182,16,carried,7,4.77,7.017450162554626,3.7079648971557617,3.434582233428955,0.27338266372680664,0.02909160144999238,0.14167829602153992,0.11258669457154753,0.004247469223593942,0.047326009551485436,0.04307854032789149,False,"['played', 'pointed', 'carried', 'worked', 'spoken']","['played', 'carried', 'pointed', 'spoken', 'worked']",mask
1047,10,65.0,30,rather,6,5.32,7.586584865016182,17,out,3,6.38,2.0668413752752377,0.5152980089187622,0.4862121641635895,0.02908584475517273,0.003262033590236564,0.029502407305922795,0.026240373715686237,-0.16842072728006124,0.0246280340575875,0.19304876133764876,False,"['out', ',', 'around', 'on', 'about']","['out', ',', 'around', 'on', 'about']",mask
1048,10,65.0,30,rather,6,5.32,7.586584865016182,18,as,2,6.77,9.546518476208595,1.2259941101074219,1.0765918493270874,0.14940226078033447,0.04195534680173,0.11073719503827871,0.06878184823654866,-0.318129661776602,0.02150914536414533,0.3396388071407472,False,"['as', ',', 'even', '-', '.']","['as', ',', '.', 'even', '-']",mask
1049,10,65.0,30,rather,6,5.32,7.586584865016182,19,though,6,5.5,4.719221302099274,3.7679429054260254,3.0554401874542236,0.7125027179718018,0.03874029365240594,0.0938184120443823,0.05507811839197637,-0.5348433883805085,0.01661847580878068,0.551461864189289,False,"['if', 'though', 'when', 'well', 'although']","['if', 'though', 'well', '.', 'not']",mask
1050,10,65.0,30,rather,6,5.32,7.586584865016182,20,getting,7,5.57,15.245505538097532,1.1029536724090576,0.9183403849601746,0.18461328744888306,0.014424509630398008,0.10376732593049613,0.08934281630009815,-0.5642171019841962,0.01276195605116814,0.5769790580353644,False,"['getting', 'growing', 'being', 'becoming', 'living']","['getting', 'growing', 'being', 'becoming', 'living']",mask
1051,10,65.0,30,rather,6,5.32,7.586584865016182,21,older,5,4.92,12.239302688206067,10.17723274230957,10.129140853881836,0.048091888427734375,0.025679954451478967,0.10576847229916458,0.08008851784768563,-0.03058334831918337,0.0638257933660678,0.09440914168525119,False,"['married', 'pregnant', 'rich', 'divorced', 'killed']","['married', 'pregnant', 'divorced', 'rich', 'paid']",mask
1052,10,65.0,30,rather,6,5.32,7.586584865016182,22,is,2,7.07,2.4196084644731517,1.5447009801864624,0.8217898607254028,0.7229111194610596,0.6953830532509729,0.9186407294899429,0.22325767623897044,-3.555358227975169,0.00194199577017146,3.55730022374534,False,"['is', 'was', 'were', ',', '-']","['is', ',', 'was', '.', '-']",mask
1053,10,65.0,30,rather,6,5.32,7.586584865016182,23,a,1,7.36,2.6160512039308883,0.11161282658576965,0.030689720064401627,0.08092310652136803,0.041330256859280996,0.07922012297061129,0.03788986611133032,-1.583536869200046,5.7364318134589495e-05,1.58359423351818,False,"['a', 'the', 'another', 'some', 'one']","['a', 'the', 'another', 'some', 'one']",mask
1054,10,65.0,30,rather,6,5.32,7.586584865016182,24,lifestyle,9,4.29,11.693408686018646,9.595991134643555,8.895234107971191,0.7007570266723633,0.40018364990092903,0.6752342977169125,0.27505064781598354,-0.2475700833137062,0.0663648647899124,0.31393494810361855,False,"['conscious', 'moral', 'deliberate', 'bad', 'natural']","['bad', 'deliberate', 'moral', 'conscious', 'foolish']",mask
1055,10,65.0,30,rather,6,5.32,7.586584865016182,25,choice,6,5.08,0.9964249582791739,7.836254119873047,5.84252405166626,1.993730068206787,0.20994687234168227,0.4196067063689275,0.2096598340272452,-0.6978427954822096,0.06481195853065352,0.7626547540128629,False,"['being', 'usually', 'deliberately', 'often', ',']","['being', 'often', ',', 'usually', 'deliberately']",mask
1056,10,65.0,30,rather,6,5.32,7.586584865016182,26,made,4,5.92,7.5237024834755815,1.381763219833374,1.0585113763809204,0.3232518434524536,0.2754525262816528,0.4670327314282132,0.1915802051465604,-1.8252277610292966,0.008934732942169725,1.834162493971466,False,"['made', 'preferred', 'taken', 'used', 'chosen']","['made', 'used', 'preferred', 'followed', 'taken']",mask
1057,10,65.0,30,rather,6,5.32,7.586584865016182,27,by,2,6.66,1.0755304266739252,0.7138117551803589,0.45418769121170044,0.25962406396865845,0.36656969289900904,0.3810294557658748,0.014459762866865735,-4.13889979177374,0.035418880729118814,4.174318672502858,False,"['by', 'for', 'to', 'among', 'of']","['by', 'for', 'because', 'and', 'when']",mask
1058,10,65.0,30,rather,6,5.32,7.586584865016182,28,lazy,4,4.24,11.514152883887773,12.688733100891113,12.293615341186523,0.39511775970458984,0.2945987933823198,0.5624660606636979,0.26786726728137805,-1.0171815756615339,0.09872783158181479,1.115909407243349,False,"['the', 'some', 'older', 'young', 'other']","['the', 'many', 'some', 'young', 'other']",mask
1059,10,65.0,30,rather,6,5.32,7.586584865016182,29,women,5,5.57,7.790036689038194,10.877595901489258,5.998292446136475,4.879303455352783,6.812783491734768,6.991965684449722,0.17918219271495192,-2.514332883543612,0.0427670638406804,2.5570999473842924,False,"['people', 'men', 'individuals', 'parents', 'adults']","[',', 'and', 'old', 'or', 'young']",mask
1060,10,65.0,31,than,4,6.13,0.008025753038310837,0,what,4,6.38,0.0,0.0006765663856640458,0.0006343254935927689,4.22408920712769e-05,1.5352806061862705e-06,4.223789850541104e-05,4.0702617899224765e-05,-0.20130537540272028,4.3481554988429595e-08,0.2013054188842753,False,"['what', 'whatever', 'which', 'that', 'something']","['what', 'whatever', 'which', 'that', 'something']",mask
1061,10,65.0,31,than,4,6.13,0.008025753038310837,1,is,2,7.07,5.067392613495786,0.011965472251176834,0.011993912979960442,-2.8440728783607483e-05,5.931984594822884e-06,0.00013679991297499872,0.00013086792838017583,-0.015777027460525478,2.626571041813926e-07,0.01577729011762967,False,"['is', 'seems', 'gets', 'becomes', 'feels']","['is', 'seems', 'gets', 'becomes', 'feels']",mask
1062,10,65.0,31,than,4,6.13,0.008025753038310837,2,so,2,6.52,7.045905151849227,4.441145420074463,4.422725677490234,0.018419742584228516,0.001176847986000641,0.02688001507466792,0.02570316708866728,-0.02640338414395341,2.7041772935899457e-06,0.026406088321246992,False,"['most', 'particularly', 'especially', 'really', 'more']","['most', 'particularly', 'especially', 'really', 'more']",mask
1063,10,65.0,31,than,4,6.13,0.008025753038310837,3,unpleasant,10,3.8,10.97457889163446,10.830391883850098,10.63375186920166,0.1966400146484375,0.004498605389280967,0.04972616097184174,0.04522755558256077,0.04139779350134958,0.0414185950429156,2.080154156599306e-05,False,"['striking', 'interesting', 'strange', 'special', 'different']","['striking', 'interesting', 'strange', 'special', 'remarkable']",mask
1064,10,65.0,31,than,4,6.13,0.008025753038310837,4,about,5,6.4,1.028931793952807,0.08659347891807556,0.07998713850975037,0.006606340408325195,0.00029719297446391396,0.0062886712948895555,0.0059914783204256415,-0.03644890028556851,4.4389986526126116e-07,0.03644934418543379,False,"['about', 'in', 'with', 'of', 'to']","['about', 'in', 'with', 'of', ',']",mask
1065,10,65.0,31,than,4,6.13,0.008025753038310837,5,all,3,6.52,7.316653024644298,0.25010132789611816,0.2597675323486328,-0.009666204452514648,0.0018719346979504555,0.018251090940863864,0.01637915624291341,-0.11536011619437612,3.079006587981647e-06,0.11536319520096411,False,"['all', 'doing', 'being', 'having', '...']","['all', 'doing', 'being', '...', 'having']",mask
1066,10,65.0,31,than,4,6.13,0.008025753038310837,6,this,4,6.82,1.068575617216416,0.07109204679727554,0.0812847763299942,-0.010192729532718658,0.0010534147950865408,0.010784510648349012,0.00973109585326247,0.10064936798960827,0.1006518133776067,2.4453879983836066e-06,False,"['this', 'that', 'these', 'life', 'women']","['this', 'that', 'these', 'life', 'it']",mask
1067,10,65.0,31,than,4,6.13,0.008025753038310837,7,is,2,7.07,8.204936360025501,0.15185007452964783,0.10618255287408829,0.04566752165555954,0.007899848922175252,0.04242709653600718,0.03452724761383193,-0.6180533964916012,3.569393841242348e-08,0.6180534321855397,False,"['is', '?', ',', '-', ':']","['is', '?', ',', '-', ':']",mask
1068,10,65.0,31,than,4,6.13,0.008025753038310837,8,the,3,7.73,4.032598697154909,0.09355203807353973,0.09525293856859207,-0.0017009004950523376,9.384351785663891e-05,0.0027916909607589935,0.0026978474429023547,-0.10565069559778308,9.759820988270332e-08,0.10565079319599294,False,"['the', 'an', 'this', 'its', 'that']","['the', 'an', 'this', 'its', 'that']",mask
1069,10,65.0,31,than,4,6.13,0.008025753038310837,9,atmosphere,10,4.46,11.08973085456479,6.33681058883667,6.522109508514404,-0.18529891967773438,0.006371795076330596,0.06374189148631303,0.0573700964099824,-0.1105472457829161,8.452556148610285e-06,0.11055569833906469,False,"['form', 'sense', 'kind', 'amount', 'sort']","['sense', 'form', 'kind', 'amount', 'level']",mask
1070,10,65.0,31,than,4,6.13,0.008025753038310837,10,of,2,7.4,2.3370083392645147,0.026174521073698997,0.025324944406747818,0.0008495766669511795,2.2833987750789885e-05,0.0009156223603103193,0.0008927883725595297,-0.12591259933639623,5.720558992615056e-06,0.12591831989538885,False,"['of', 'and', 'for', 'or', 'to']","['of', 'and', 'for', 'or', 'to']",mask
1071,10,65.0,31,than,4,6.13,0.008025753038310837,11,blame,5,4.63,13.487923749814938,14.518943786621094,14.207456588745117,0.31148719787597656,0.016904277867886043,0.09594155981596753,0.07903728194808148,-0.20363084608875537,5.098383016434707e-06,0.2036359444717718,False,"['life', 'society', 'poverty', 'isolation', 'boredom']","['society', 'life', 'poverty', 'isolation', 'youth']",mask
1072,10,65.0,31,than,4,6.13,0.008025753038310837,12,in,2,7.27,6.7205832524032445,0.12877802550792694,0.12724706530570984,0.001530960202217102,0.00014819417814510315,0.003168884609372466,0.003020690431227363,-0.13425955187248845,6.59744464769832e-07,0.13426021161695323,False,"['in', 'under', 'with', 'within', 'through']","['in', 'under', 'with', 'within', 'through']",mask
1073,10,65.0,31,than,4,6.13,0.008025753038310837,13,which,5,6.3,4.315448687889257,0.0640687420964241,0.0741327628493309,-0.0100640207529068,0.0007769055681902954,0.010404948482784565,0.009628042914594266,0.042113343894043975,0.042118495434675884,5.151540631893689e-06,False,"['which', 'that', 'how', 'it', 'where']","['which', 'that', 'how', 'it', 'where']",mask
1074,10,65.0,31,than,4,6.13,0.008025753038310837,14,it,2,6.95,3.0013969172287944,2.2500083446502686,2.2764949798583984,-0.026486635208129883,0.01424650253721949,0.09076012165756625,0.07651361912034677,-0.024122237905731068,5.445991637176332e-05,0.024176697822102834,False,"['it', 'blame', 'suicide', 'life', 'abuse']","['it', 'blame', 'suicide', 'life', 'everything']",mask
1075,10,65.0,31,than,4,6.13,0.008025753038310837,15,is,2,7.07,1.3081637437765874,0.028347522020339966,0.028670109808444977,-0.000322587788105011,1.665268466943075e-05,0.00044517383405765995,0.000428521149388229,-0.09048090044112247,2.4490522437057978e-05,0.09050539096355951,False,"['is', 'was', 'are', 'gets', 'seems']","['is', 'was', 'are', 'gets', 'seems']",mask
1076,10,65.0,31,than,4,6.13,0.008025753038310837,16,carried,7,4.77,7.017450162554626,3.434582233428955,3.5405118465423584,-0.10592961311340332,0.0037803683629224474,0.04687752589344763,0.04309715753052519,-0.047295725957134965,1.3720749821142809e-05,0.0473094467069561,False,"['played', 'pointed', 'carried', 'worked', 'spoken']","['played', 'pointed', 'carried', 'worked', 'spoken']",mask
1077,10,65.0,31,than,4,6.13,0.008025753038310837,17,out,3,6.38,2.0668413752752377,0.4862121641635895,0.45220160484313965,0.03401055932044983,0.0012577252598217645,0.025409142347303466,0.024151417087481693,-0.0984748836586648,2.4533077213976924e-06,0.09847733696638619,False,"['out', ',', 'around', 'on', 'about']","['out', ',', 'around', 'on', 'about']",mask
1078,10,65.0,31,than,4,6.13,0.008025753038310837,18,as,2,6.77,9.546518476208595,1.0765918493270874,0.8287072777748108,0.2478845715522766,0.02519827061157329,0.13977001569587286,0.11457174508429967,0.28978503341220774,0.28982040691226274,3.537350005497368e-05,False,"['as', ',', 'even', '-', '.']","['as', ',', 'even', '-', '.']",mask
1079,10,65.0,31,than,4,6.13,0.008025753038310837,19,though,6,5.5,4.719221302099274,3.0554401874542236,3.1639842987060547,-0.10854411125183105,0.007649044722489409,0.04286947566079704,0.03522043093830763,-0.8544466936659444,2.025589849905632e-07,0.8544468962249292,False,"['if', 'though', 'when', 'well', 'although']","['if', 'though', 'when', 'well', 'although']",mask
1080,10,65.0,31,than,4,6.13,0.008025753038310837,20,getting,7,5.57,15.245505538097532,0.9183403849601746,0.9485800862312317,-0.03023970127105713,0.000825635898777418,0.019834038629883192,0.01900840273110578,-0.09870739190590898,2.5315959136741012e-05,0.09873270786504569,False,"['getting', 'growing', 'being', 'becoming', 'living']","['getting', 'growing', 'being', 'becoming', 'living']",mask
1081,10,65.0,31,than,4,6.13,0.008025753038310837,21,older,5,4.92,12.239302688206067,10.129140853881836,9.706061363220215,0.4230794906616211,0.014109452947908514,0.08806356382348657,0.07395411087557809,0.19063763616983406,0.19064281191595492,5.17574612079346e-06,False,"['married', 'pregnant', 'rich', 'divorced', 'killed']","['married', 'pregnant', 'rich', 'divorced', 'killed']",mask
1082,10,65.0,31,than,4,6.13,0.008025753038310837,22,is,2,7.07,2.4196084644731517,0.8217898607254028,0.7209407091140747,0.10084915161132812,0.014352184658159822,0.07221173609531086,0.057859551437151054,-0.4124239897203229,4.750503730881888e-06,0.41242874022405385,False,"['is', 'was', 'were', ',', '-']","['is', 'was', 'were', ',', '-']",mask
1083,10,65.0,31,than,4,6.13,0.008025753038310837,23,a,1,7.36,2.6160512039308883,0.030689720064401627,0.038147710263729095,-0.007457990199327469,0.0010169843870649464,0.008283049102792591,0.007266064715727644,0.16234069509627866,0.16234179293961612,1.097843337444438e-06,False,"['a', 'the', 'another', 'some', 'one']","['a', 'the', 'another', 'some', 'one']",mask
1084,10,65.0,31,than,4,6.13,0.008025753038310837,24,lifestyle,9,4.29,11.693408686018646,8.895234107971191,9.576743125915527,-0.6815090179443359,0.06314474484499696,0.19836987983205154,0.1352251349870546,-0.18239418090350654,0.00028029992884456644,0.18267448083235102,False,"['conscious', 'moral', 'deliberate', 'bad', 'personal']","['conscious', 'moral', 'deliberate', 'bad', 'natural']",mask
1085,10,65.0,31,than,4,6.13,0.008025753038310837,25,choice,6,5.08,0.9964249582791739,5.84252405166626,6.378623962402344,-0.536099910736084,0.1089917279869589,0.28968521874467223,0.18069349075771335,-0.6629099311581471,5.720466680353321e-05,0.6629671358249505,False,"['being', 'deliberately', 'usually', 'often', 'entirely']","['being', 'usually', 'deliberately', 'often', ',']",mask
1086,10,65.0,31,than,4,6.13,0.008025753038310837,26,made,4,5.92,7.5237024834755815,1.0585113763809204,0.8949548602104187,0.1635565161705017,0.027454921475403703,0.11374836421615225,0.08629344274074857,-1.0240796565505732,1.966075709053088e-05,1.024099317307664,False,"['made', 'preferred', 'taken', 'chosen', 'used']","['made', 'preferred', 'taken', 'used', 'chosen']",mask
1087,10,65.0,31,than,4,6.13,0.008025753038310837,27,by,2,6.66,1.0755304266739252,0.45418769121170044,0.49060794711112976,-0.03642025589942932,0.002382914604599542,0.030414008486196374,0.028031093881596837,-0.1318299917862832,5.7873941793424504e-05,0.1318878657280767,False,"['by', 'for', 'to', 'of', 'with']","['by', 'for', 'to', 'among', 'of']",mask
1088,10,65.0,31,than,4,6.13,0.008025753038310837,28,lazy,4,4.24,11.514152883887773,12.293615341186523,11.962793350219727,0.3308219909667969,0.11226631237301075,0.27423488430384985,0.1619685719308391,0.18000095461665083,0.18002020023227994,1.9245615629010284e-05,False,"['the', 'older', 'other', 'some', 'young']","['the', 'some', 'older', 'young', 'other']",mask
1089,10,65.0,31,than,4,6.13,0.008025753038310837,29,women,5,5.57,7.790036689038194,5.998292446136475,5.985801696777344,0.01249074935913086,0.09531296983816884,0.2110936001216412,0.11578063028347238,-2.4519390066576596,3.123581627027684e-06,2.451942130239287,False,"['people', 'individuals', 'men', 'adults', 'parents']","['people', 'men', 'individuals', 'parents', 'adults']",mask
1090,10,65.0,31,than,4,6.13,0.008025753038310837,30,rather,6,5.32,7.586584865016182,11.447699546813965,0.051796942949295044,11.39590260386467,11.254376445377297,11.25877609933201,0.004399653954715127,-17.052671662705034,2.314498929235554e-05,17.05269480769433,False,"['rather', 'other', 'more', 'younger', 'better']","['to', 'who', 'and', 'or', 'for']",mask
1091,10,65.0,32,a,1,7.36,3.013348513084418,0,what,4,6.38,0.0,0.0006343254935927689,0.000600430357735604,3.389513585716486e-05,1.2062819672300837e-06,3.5917445834692733e-05,3.4711163867462636e-05,-0.20759024393821826,1.7749756792300604e-07,0.2075904214357862,False,"['what', 'whatever', 'which', 'that', 'something']","['what', 'whatever', 'which', 'that', 'something']",mask
1092,10,65.0,32,a,1,7.36,3.013348513084418,1,is,2,7.07,5.067392613495786,0.011993912979960442,0.011698524467647076,0.00029538851231336594,7.590761566815256e-06,0.0003076499490471279,0.0003000591874803127,-0.18920289723277653,3.922809234952395e-06,0.18920682004201148,False,"['is', 'seems', 'gets', 'becomes', 'feels']","['is', 'seems', 'gets', 'becomes', 'feels']",mask
1093,10,65.0,32,a,1,7.36,3.013348513084418,2,so,2,6.52,7.045905151849227,4.422725677490234,4.535693645477295,-0.11296796798706055,0.0005126000624146495,0.013661766814282775,0.013149166751868124,-0.10349590204022148,0.0005654607386138526,0.10406136277883535,False,"['most', 'particularly', 'especially', 'really', 'more']","['most', 'particularly', 'especially', 'really', 'more']",mask
1094,10,65.0,32,a,1,7.36,3.013348513084418,3,unpleasant,10,3.8,10.97457889163446,10.63375186920166,10.625493049621582,0.008258819580078125,0.0022486561953477245,0.0353404087384966,0.03309175254314888,-0.07272080924665951,0.0024658494737973325,0.07518665872045685,False,"['striking', 'interesting', 'strange', 'special', 'remarkable']","['striking', 'interesting', 'strange', 'special', 'different']",mask
1095,10,65.0,32,a,1,7.36,3.013348513084418,4,about,5,6.4,1.028931793952807,0.07998713850975037,0.0776219367980957,0.002365201711654663,7.719323191292665e-05,0.0024513806839842416,0.0023741874520713155,-0.11956553183109198,7.81849432669044e-05,0.11964371677435888,False,"['about', 'in', 'with', 'of', 'to']","['about', 'in', 'with', 'of', 'to']",mask
1096,10,65.0,32,a,1,7.36,3.013348513084418,5,all,3,6.52,7.316653024644298,0.2597675323486328,0.23324282467365265,0.026524707674980164,0.002226429735539579,0.02301174520002965,0.020785315464490074,-0.28215058099291257,0.0007128161705182712,0.2828633971634309,False,"['all', 'doing', 'being', 'al', 'even']","['all', 'doing', 'being', 'having', '...']",mask
1097,10,65.0,32,a,1,7.36,3.013348513084418,6,this,4,6.82,1.068575617216416,0.0812847763299942,0.07793721556663513,0.00334756076335907,0.0003249050811045007,0.004528699598526445,0.004203794517421945,-0.19771072580804366,0.0007798115437607686,0.1984905373518044,False,"['this', 'that', 'these', 'life', 'women']","['this', 'that', 'these', 'life', 'women']",mask
1098,10,65.0,32,a,1,7.36,3.013348513084418,7,is,2,7.07,8.204936360025501,0.10618255287408829,0.08358436822891235,0.022598184645175934,0.0026638317286349863,0.021326134836632704,0.018662303107997723,-0.3677939705809623,6.139677065075124e-07,0.3677945845486688,False,"['is', '?', ',', '-', ':']","['is', '?', ',', '-', ':']",mask
1099,10,65.0,32,a,1,7.36,3.013348513084418,8,the,3,7.73,4.032598697154909,0.09525293856859207,0.07893206924200058,0.01632086932659149,0.0014684472287219065,0.015451917040043561,0.013983469811321652,-0.3053236067721051,0.0002454032653954885,0.3055690100375006,False,"['the', 'an', 'its', 'this', 'that']","['the', 'an', 'this', 'its', 'that']",mask
1100,10,65.0,32,a,1,7.36,3.013348513084418,9,atmosphere,10,4.46,11.08973085456479,6.522109508514404,6.418424606323242,0.10368490219116211,0.005743575121865017,0.05856401313747311,0.052820438015608095,-0.11541721526150257,0.005083479812704369,0.12050069507420694,False,"['form', 'sense', 'kind', 'amount', 'level']","['form', 'sense', 'kind', 'amount', 'sort']",mask
1101,10,65.0,32,a,1,7.36,3.013348513084418,10,of,2,7.4,2.3370083392645147,0.025324944406747818,0.025785867124795914,-0.0004609227180480957,5.02549869637104e-05,0.0007384291415940064,0.0006881741546302961,-0.10619634069256349,0.0038226865513764315,0.11001902724393993,False,"['of', 'and', 'for', 'or', 'to']","['of', 'and', 'for', 'or', 'to']",mask
1102,10,65.0,32,a,1,7.36,3.013348513084418,11,blame,5,4.63,13.487923749814938,14.207456588745117,14.368301391601562,-0.1608448028564453,0.005608213082922669,0.05291456706657752,0.047306353983654854,-0.10881999657034497,0.01592294887917694,0.1247429454495219,False,"['life', 'society', 'poverty', 'isolation', 'boredom']","['life', 'society', 'poverty', 'isolation', 'boredom']",mask
1103,10,65.0,32,a,1,7.36,3.013348513084418,12,in,2,7.27,6.7205832524032445,0.12724706530570984,0.12905927002429962,-0.0018122047185897827,8.449970268356389e-05,0.0026194971924600966,0.0025349974897765338,-0.16943260295962434,0.0001397259694357003,0.16957232892906005,False,"['in', 'under', 'with', 'within', 'through']","['in', 'under', 'with', 'within', 'through']",mask
1104,10,65.0,32,a,1,7.36,3.013348513084418,13,which,5,6.3,4.315448687889257,0.0741327628493309,0.07376798987388611,0.0003647729754447937,2.1350977127930103e-05,0.0008707616268709003,0.0008494106497429699,-0.15703173695534228,0.0007806635928616099,0.1578124005482039,False,"['which', 'that', 'how', 'it', 'where']","['which', 'that', 'how', 'it', 'where']",mask
1105,10,65.0,32,a,1,7.36,3.013348513084418,14,it,2,6.95,3.0013969172287944,2.2764949798583984,2.0634682178497314,0.213026762008667,0.010219210522091888,0.08122224018047818,0.0710030296583863,-0.0863494150522888,0.016828661544006095,0.10317807659629488,False,"['it', 'blame', 'suicide', 'life', 'abuse']","['it', 'blame', 'suicide', 'life', 'abuse']",mask
1106,10,65.0,32,a,1,7.36,3.013348513084418,15,is,2,7.07,1.3081637437765874,0.028670109808444977,0.027380451560020447,0.00128965824842453,3.5330943198017026e-05,0.0012656532927336275,0.0012303223495356108,-0.22615825865959538,4.699712668815973e-07,0.22615872863086225,False,"['is', 'was', 'are', 'gets', 'seems']","['is', 'was', 'are', 'gets', 'seems']",mask
1107,10,65.0,32,a,1,7.36,3.013348513084418,16,carried,7,4.77,7.017450162554626,3.5405118465423584,3.3799314498901367,0.16058039665222168,0.004342256020530753,0.04632611707178303,0.041983861051252284,-0.1222063977722533,0.007353306996798986,0.1295597047690523,False,"['played', 'pointed', 'carried', 'worked', 'spoken']","['played', 'pointed', 'carried', 'worked', 'spoken']",mask
1108,10,65.0,32,a,1,7.36,3.013348513084418,17,out,3,6.38,2.0668413752752377,0.45220160484313965,0.48096728324890137,-0.02876567840576172,0.0019429885459192639,0.024764470851603885,0.02282148230568462,-0.07264344625364258,0.004030020640598832,0.0766734668942414,False,"['out', ',', 'around', 'on', 'about']","['out', ',', 'around', 'on', 'about']",mask
1109,10,65.0,32,a,1,7.36,3.013348513084418,18,as,2,6.77,9.546518476208595,0.8287072777748108,0.8728496432304382,-0.04414236545562744,0.001505168037168415,0.029989490020408124,0.02848432198323971,-0.11648429386708241,0.00906728835831329,0.1255515822253957,False,"['as', ',', 'even', '-', '.']","['as', ',', 'even', '-', '.']",mask
1110,10,65.0,32,a,1,7.36,3.013348513084418,19,though,6,5.5,4.719221302099274,3.1639842987060547,3.058509349822998,0.10547494888305664,0.000991139207625349,0.014456656420365385,0.01346551721274003,-0.2451258640205044,0.008126222744933305,0.25325208676543776,False,"['if', 'though', 'when', 'although', 'how']","['if', 'though', 'when', 'well', 'although']",mask
1111,10,65.0,32,a,1,7.36,3.013348513084418,20,getting,7,5.57,15.245505538097532,0.9485800862312317,0.9549611210823059,-0.006381034851074219,0.00108048931400095,0.017690091458205465,0.01660960214420451,-0.25205728225579366,0.002959698910663065,0.2550169811664567,False,"['getting', 'growing', 'being', 'becoming', 'living']","['getting', 'growing', 'being', 'becoming', 'living']",mask
1112,10,65.0,32,a,1,7.36,3.013348513084418,21,older,5,4.92,12.239302688206067,9.706061363220215,10.10687255859375,-0.40081119537353516,0.026736267093484787,0.12737176806738296,0.10063550097389817,-0.512564446858511,0.00019485092414772188,0.5127592977826587,False,"['married', 'pregnant', 'rich', 'divorced', 'killed']","['married', 'pregnant', 'rich', 'divorced', 'killed']",mask
1113,10,65.0,32,a,1,7.36,3.013348513084418,22,is,2,7.07,2.4196084644731517,0.7209407091140747,0.6247831583023071,0.09615755081176758,0.028329268921830787,0.07746930339933979,0.049140034477509024,-0.41117420003963634,0.0025695385616039063,0.4137437386012403,False,"['is', 'was', 'were', 'are', ',']","['is', 'was', 'were', ',', '-']",mask
1114,10,65.0,32,a,1,7.36,3.013348513084418,23,a,1,7.36,2.6160512039308883,0.038147710263729095,0.013675229623913765,0.02447248063981533,0.011424987130597681,0.024241616794966014,0.012816629664368329,-1.7761930926059653,3.8466892698225936e-05,1.7762315594986635,False,"['a', 'the', 'another', 'some', 'one']","['a', 'the', 'another', 'some', 'one']",mask
1115,10,65.0,32,a,1,7.36,3.013348513084418,24,lifestyle,9,4.29,11.693408686018646,9.576743125915527,9.18313980102539,0.3936033248901367,0.09494337357483107,0.26199569142963375,0.1670523178548027,-0.22078314791582435,0.06340918711901278,0.2841923350348371,False,"['conscious', 'moral', 'deliberate', 'personal', 'natural']","['conscious', 'moral', 'deliberate', 'bad', 'personal']",mask
1116,10,65.0,32,a,1,7.36,3.013348513084418,25,choice,6,5.08,0.9964249582791739,6.378623962402344,5.4853739738464355,0.8932499885559082,0.1277879640590917,0.32307780186672724,0.19528983780763554,-0.22529610350007068,0.07496350500196365,0.30025960850203437,False,"['being', 'deliberately', 'decision', 'usually', ',']","['being', 'deliberately', 'usually', 'often', 'entirely']",mask
1117,10,65.0,32,a,1,7.36,3.013348513084418,26,made,4,5.92,7.5237024834755815,0.8949548602104187,0.7302770614624023,0.16467779874801636,0.035102982407023316,0.13454301986209735,0.09944003745507404,-0.38044300737092185,0.010070902509230194,0.3905139098801521,False,"['made', 'preferred', 'taken', 'used', 'chosen']","['made', 'preferred', 'taken', 'chosen', 'used']",mask
1118,10,65.0,32,a,1,7.36,3.013348513084418,27,by,2,6.66,1.0755304266739252,0.49060794711112976,0.5806602239608765,-0.0900522768497467,0.0069695034731151045,0.06831295405626034,0.061343450583145234,0.06343872071357017,0.1498409203161458,0.08640219960257563,False,"['by', 'for', 'to', 'among', 'of']","['by', 'for', 'to', 'of', 'with']",mask
1119,10,65.0,32,a,1,7.36,3.013348513084418,28,lazy,4,4.24,11.514152883887773,11.962793350219727,12.59980583190918,-0.6370124816894531,0.04632698175173397,0.17402315719083467,0.12769617543910067,-0.6318742252864663,0.016213904335172613,0.648088129621639,False,"['the', 'older', 'other', 'all', 'some']","['the', 'older', 'other', 'some', 'young']",mask
1120,10,65.0,32,a,1,7.36,3.013348513084418,29,women,5,5.57,7.790036689038194,5.985801696777344,6.411835193634033,-0.42603349685668945,0.011652701788313315,0.07640439990418349,0.0647516981158702,-0.33473953506154847,0.01078127196861387,0.3455208070301622,False,"['people', 'individuals', 'men', 'adults', 'parents']","['people', 'individuals', 'men', 'adults', 'parents']",mask
1121,10,65.0,32,a,1,7.36,3.013348513084418,30,rather,6,5.32,7.586584865016182,0.051796942949295044,0.010173995047807693,0.04162294790148735,0.03474835390610588,0.042493568251518336,0.007745214345412466,-2.5318607007775076,0.0008351149348897259,2.532695815712397,False,"['rather', 'more', 'other', 'better', ',']","['rather', 'other', 'more', 'younger', 'better']",mask
1122,10,65.0,32,a,1,7.36,3.013348513084418,31,than,4,6.13,0.008025753038310837,0.0016519788186997175,0.0020133433863520622,-0.0003613645676523447,0.0006118091274629697,0.0012227543635611635,0.0006109452360981934,-2.8649543041863166,0.07598570565905892,2.940940009845375,False,"['than', 'like', 'of', 'as', 'that']","['than', 'like', 'as', 'then', 'that']",mask
1123,10,65.0,33,natural,7,5.11,5.790889971185804,0,what,4,6.38,0.0,0.000600430357735604,0.0006253784522414207,-2.4948094505816698e-05,2.7443333155657676e-06,3.965583328126202e-05,3.691149996569625e-05,-0.07912600282697267,0.0036106171714829225,0.0827366199984556,False,"['what', 'whatever', 'which', 'that', 'something']","['what', 'whatever', 'which', 'that', 'something']",mask
1124,10,65.0,33,natural,7,5.11,5.790889971185804,1,is,2,7.07,5.067392613495786,0.011698524467647076,0.011735889129340649,-3.7364661693573e-05,2.8714187807168055e-05,0.0003862057263053752,0.00035749153849820705,-0.11451780689534692,0.002080505977216148,0.11659831287256307,False,"['is', 'seems', 'gets', 'becomes', 'feels']","['is', 'seems', 'gets', 'becomes', 'feels']",mask
1125,10,65.0,33,natural,7,5.11,5.790889971185804,2,so,2,6.52,7.045905151849227,4.535693645477295,4.571175575256348,-0.035481929779052734,0.001997642442985905,0.03439022147507466,0.032392579032088746,-0.04836761307110157,0.012577235966371567,0.06094484903747314,False,"['most', 'particularly', 'especially', 'really', 'more']","['most', 'particularly', 'especially', 'really', 'more']",mask
1126,10,65.0,33,natural,7,5.11,5.790889971185804,3,unpleasant,10,3.8,10.97457889163446,10.625493049621582,10.90465259552002,-0.2791595458984375,0.0074949037945602065,0.06064553987391178,0.05315063607935157,-0.14954748982798702,0.007055249610065077,0.1566027394380521,False,"['striking', 'interesting', 'strange', 'special', 'remarkable']","['striking', 'interesting', 'strange', 'special', 'remarkable']",mask
1127,10,65.0,33,natural,7,5.11,5.790889971185804,4,about,5,6.4,1.028931793952807,0.0776219367980957,0.07679521292448044,0.0008267238736152649,0.00011170179226530283,0.0019330787424418035,0.0018213769501765004,-0.010990287687600221,0.021273417539011068,0.03226370522661129,False,"['about', 'in', 'with', 'of', 'to']","['about', 'in', 'with', 'of', 'to']",mask
1128,10,65.0,33,natural,7,5.11,5.790889971185804,5,all,3,6.52,7.316653024644298,0.23324282467365265,0.21496157348155975,0.018281251192092896,0.002300713888130425,0.0185293248820701,0.016228610993939678,-0.3710310935569135,0.01106733634118759,0.38209842989810106,False,"['all', 'doing', 'being', 'having', 'even']","['all', 'doing', 'being', 'al', 'even']",mask
1129,10,65.0,33,natural,7,5.11,5.790889971185804,6,this,4,6.82,1.068575617216416,0.07793721556663513,0.07871309667825699,-0.0007758811116218567,0.0009899789655120046,0.005328576011607134,0.00433859704609513,-0.03256327346075444,0.09894273869396038,0.13150601215471483,False,"['this', 'that', 'these', 'life', 'women']","['this', 'that', 'these', 'life', 'women']",mask
1130,10,65.0,33,natural,7,5.11,5.790889971185804,7,is,2,7.07,8.204936360025501,0.08358436822891235,0.07447109371423721,0.00911327451467514,0.0005552145525305145,0.008656942911215458,0.008101728358684944,-0.24382396300877798,7.440079781576123e-06,0.24383140308855955,False,"['is', '?', ',', '-', ':']","['is', '?', ',', '-', ':']",mask
1131,10,65.0,33,natural,7,5.11,5.790889971185804,8,the,3,7.73,4.032598697154909,0.07893206924200058,0.0636293962597847,0.015302672982215881,0.0016854826091616127,0.01465506985188921,0.012969587242727596,-0.2776423504539715,9.068796257045517e-05,0.27773303841654196,False,"['the', 'an', 'this', 'its', 'that']","['the', 'an', 'its', 'this', 'that']",mask
1132,10,65.0,33,natural,7,5.11,5.790889971185804,9,atmosphere,10,4.46,11.08973085456479,6.418424606323242,6.111859321594238,0.3065652847290039,0.014925517107623897,0.09360731692560088,0.07868179981797702,-0.04499717163102086,0.054388856500730685,0.09938602813175156,False,"['sense', 'form', 'amount', 'kind', 'level']","['form', 'sense', 'kind', 'amount', 'level']",mask
1133,10,65.0,33,natural,7,5.11,5.790889971185804,10,of,2,7.4,2.3370083392645147,0.025785867124795914,0.026503190398216248,-0.0007173232734203339,0.00026112131207688247,0.0013190178861015836,0.001057896574024701,-0.10626453814046266,0.03651778843885891,0.14278232657932155,False,"['of', 'and', 'for', 'or', 'to']","['of', 'and', 'for', 'or', 'to']",mask
1134,10,65.0,33,natural,7,5.11,5.790889971185804,11,blame,5,4.63,13.487923749814938,14.368301391601562,14.797698974609375,-0.4293975830078125,0.04114699303339032,0.15540462688822276,0.1142576338548324,-0.06779253441472351,0.09042482268528194,0.1582173571000054,False,"['life', 'society', 'poverty', 'isolation', 'boredom']","['life', 'society', 'poverty', 'isolation', 'boredom']",mask
1135,10,65.0,33,natural,7,5.11,5.790889971185804,12,in,2,7.27,6.7205832524032445,0.12905927002429962,0.13599640130996704,-0.006937131285667419,0.00023122058990878797,0.00667310892096068,0.006441888331051894,-0.06682326772014098,0.008523074350223316,0.07534634207036428,False,"['in', 'under', 'with', 'within', 'through']","['in', 'under', 'with', 'within', 'through']",mask
1136,10,65.0,33,natural,7,5.11,5.790889971185804,13,which,5,6.3,4.315448687889257,0.07376798987388611,0.0636182501912117,0.010149739682674408,0.0007518536297003888,0.009736218303361015,0.008984364673660627,-0.15843108239350345,0.006375233916627227,0.16480631631013062,False,"['which', 'that', 'how', 'it', 'where']","['which', 'that', 'how', 'it', 'where']",mask
1137,10,65.0,33,natural,7,5.11,5.790889971185804,14,it,2,6.95,3.0013969172287944,2.0634682178497314,1.964730143547058,0.09873807430267334,0.06584351196688693,0.1855311500003884,0.11968763803350144,0.15148974985306632,0.19978191739774823,0.04829216754468186,False,"['it', 'blame', 'life', 'everything', 'suicide']","['it', 'blame', 'suicide', 'life', 'abuse']",mask
1138,10,65.0,33,natural,7,5.11,5.790889971185804,15,is,2,7.07,1.3081637437765874,0.027380451560020447,0.027354074642062187,2.6376917958259583e-05,0.00010444269918417605,0.001018237071949617,0.0009137943727654412,-0.29715747369324547,6.463736380524205e-06,0.29716393742962605,False,"['is', 'was', 'are', 'gets', 'seems']","['is', 'was', 'are', 'gets', 'seems']",mask
1139,10,65.0,33,natural,7,5.11,5.790889971185804,16,carried,7,4.77,7.017450162554626,3.3799314498901367,3.415388345718384,-0.03545689582824707,0.01609649104430786,0.09591789135091812,0.07982140030661025,0.09563575475300472,0.11885284852082852,0.023217093767823806,False,"['played', 'carried', 'pointed', 'worked', 'spoken']","['played', 'pointed', 'carried', 'worked', 'spoken']",mask
1140,10,65.0,33,natural,7,5.11,5.790889971185804,17,out,3,6.38,2.0668413752752377,0.48096728324890137,0.48208388686180115,-0.0011166036128997803,0.0023082414747489133,0.02120837500078588,0.018900133526036964,-0.18026455292942606,0.006014336128844412,0.18627888905827045,False,"['out', ',', 'around', 'on', 'about']","['out', ',', 'around', 'on', 'about']",mask
1141,10,65.0,33,natural,7,5.11,5.790889971185804,18,as,2,6.77,9.546518476208595,0.8728496432304382,1.0397926568984985,-0.1669430136680603,0.010936987638299462,0.0924291426736104,0.08149215503531093,0.05303256270074644,0.0864678071772293,0.03343524447648285,False,"['as', ',', 'even', '.', '-']","['as', ',', 'even', '-', '.']",mask
1142,10,65.0,33,natural,7,5.11,5.790889971185804,19,though,6,5.5,4.719221302099274,3.058509349822998,2.820641040802002,0.2378683090209961,0.004958278891973822,0.03958747856025108,0.03462919966827726,-0.1378032901695598,0.09644013081261975,0.23424342098217957,False,"['if', 'though', 'although', 'when', 'the']","['if', 'though', 'when', 'although', 'how']",mask
1143,10,65.0,33,natural,7,5.11,5.790889971185804,20,getting,7,5.57,15.245505538097532,0.9549611210823059,0.9878852963447571,-0.03292417526245117,0.004748456165440896,0.04365520012697762,0.03890674396153673,-0.387456856283575,0.024376456883060577,0.4118333131666356,False,"['getting', 'growing', 'becoming', 'being', 'going']","['getting', 'growing', 'being', 'becoming', 'living']",mask
1144,10,65.0,33,natural,7,5.11,5.790889971185804,21,older,5,4.92,12.239302688206067,10.10687255859375,9.705711364746094,0.40116119384765625,0.04529412356833243,0.13346107140751762,0.08816694783918523,-0.48432900552025115,0.04455263264876752,0.5288816381690187,False,"['married', 'pregnant', 'rich', 'divorced', 'paid']","['married', 'pregnant', 'rich', 'divorced', 'killed']",mask
1145,10,65.0,33,natural,7,5.11,5.790889971185804,22,is,2,7.07,2.4196084644731517,0.6247831583023071,0.6920245885848999,-0.06724143028259277,0.010383399673182267,0.06517713557319584,0.05479373590001359,-0.35793004434531894,0.009673720009784436,0.3676037643551034,False,"['is', 'was', 'were', 'are', ',']","['is', 'was', 'were', 'are', ',']",mask
1146,10,65.0,33,natural,7,5.11,5.790889971185804,23,a,1,7.36,2.6160512039308883,0.013675229623913765,0.013491378165781498,0.000183851458132267,0.0002448133285256731,0.0011843139237618303,0.0009395005952361573,-0.42463902350855887,0.02883377410684496,0.45347279761540377,False,"['a', 'the', 'another', 'an', 'some']","['a', 'the', 'another', 'some', 'one']",mask
1147,10,65.0,33,natural,7,5.11,5.790889971185804,24,lifestyle,9,4.29,11.693408686018646,9.18313980102539,10.420100212097168,-1.2369604110717773,1.2454276935474637,1.6054926071839297,0.3600649136364651,-0.5954771331154328,0.14191334232013322,0.7373904754355661,False,"['natural', 'conscious', 'bad', 'moral', 'wise']","['conscious', 'moral', 'deliberate', 'personal', 'natural']",mask
1148,10,65.0,33,natural,7,5.11,5.790889971185804,25,choice,6,5.08,0.9964249582791739,5.4853739738464355,4.939404487609863,0.5459694862365723,0.09274463592120073,0.2543955370847487,0.16165090116354808,0.24433528851436848,0.4198524202346042,0.17551713172023564,False,"['being', 'deliberately', 'decision', 'usually', ',']","['being', 'deliberately', 'decision', 'usually', ',']",mask
1149,10,65.0,33,natural,7,5.11,5.790889971185804,26,made,4,5.92,7.5237024834755815,0.7302770614624023,0.6185182332992554,0.11175882816314697,0.021615705449679185,0.0992559007745711,0.07764019532489193,-0.18440533962357483,0.09147788176414387,0.2758832213877187,False,"['made', 'preferred', 'taken', 'chosen', 'favored']","['made', 'preferred', 'taken', 'used', 'chosen']",mask
1150,10,65.0,33,natural,7,5.11,5.790889971185804,27,by,2,6.66,1.0755304266739252,0.5806602239608765,0.7252708077430725,-0.14461058378219604,0.014048047214546158,0.10347060536674005,0.08942255815219391,0.06536330440919164,0.18710565249074324,0.12174234808155156,False,"['by', 'for', 'to', 'from', 'of']","['by', 'for', 'to', 'among', 'of']",mask
1151,10,65.0,33,natural,7,5.11,5.790889971185804,28,lazy,4,4.24,11.514152883887773,12.59980583190918,11.177937507629395,1.4218683242797852,0.1616988803981242,0.3592771744689455,0.1975782940708213,0.3505805942162571,0.5218028641781606,0.17122226996190354,False,"['the', 'all', 'other', 'older', 'some']","['the', 'older', 'other', 'all', 'some']",mask
1152,10,65.0,33,natural,7,5.11,5.790889971185804,29,women,5,5.57,7.790036689038194,6.411835193634033,6.956760406494141,-0.5449252128601074,0.1926687027434043,0.36417721392958435,0.17150851118618007,0.8072026958064139,0.8636238825512047,0.05642118674479067,False,"['people', 'individuals', 'adults', 'men', 'citizens']","['people', 'individuals', 'men', 'adults', 'parents']",mask
1153,10,65.0,33,natural,7,5.11,5.790889971185804,30,rather,6,5.32,7.586584865016182,0.010173995047807693,0.004536804743111134,0.00563719030469656,0.0026142490450149513,0.005620380353232353,0.003006131308217403,-1.4048568315257264,0.017865495887696373,1.4227223274134229,False,"['rather', 'more', 'other', ',', 'better']","['rather', 'more', 'other', 'better', ',']",mask
1154,10,65.0,33,natural,7,5.11,5.790889971185804,31,than,4,6.13,0.008025753038310837,0.0020133433863520622,0.001012989436276257,0.0010003539500758052,0.00043964835923413176,0.00106088604996314,0.0006212376907290086,-1.1146961393693962,0.012146232827878956,1.1268423721972751,False,"['than', 'like', 'of', 'that', 'as']","['than', 'like', 'of', 'as', 'that']",mask
1155,10,65.0,33,natural,7,5.11,5.790889971185804,32,a,1,7.36,3.013348513084418,9.361672401428223,1.7885620594024658,7.573110342025757,5.426289285320817,5.490979299178474,0.0646900138576574,-4.389246949647446,0.04466748005481719,4.433914429702264,False,"['a', 'the', 'just', 'something', 'entirely']","['men', 'wealthy', 'healthy', 'rich', 'just']",mask
1156,10,65.0,34,process,7,5.26,7.839354511297983,0,what,4,6.38,0.0,0.0006253784522414207,0.0005780634819529951,4.7314970288425684e-05,2.874441219195195e-06,4.869619279859164e-05,4.5821751579396436e-05,-0.11656909616458978,4.420616689625135e-09,0.11656910058520648,False,"['what', 'whatever', 'that', 'which', 'something']","['what', 'whatever', 'which', 'that', 'something']",mask
1157,10,65.0,34,process,7,5.26,7.839354511297983,1,is,2,7.07,5.067392613495786,0.011735889129340649,0.01257472112774849,-0.0008388319984078407,9.079746844003805e-05,0.0011604246697417624,0.001069627201301724,0.13672455121222032,0.137142266378996,0.00041771516677569534,False,"['is', 'seems', 'gets', 'becomes', 'feels']","['is', 'seems', 'gets', 'becomes', 'feels']",mask
1158,10,65.0,34,process,7,5.26,7.839354511297983,2,so,2,6.52,7.045905151849227,4.571175575256348,4.940732002258301,-0.3695564270019531,0.005071955130809143,0.04731489129589453,0.0422429361650854,0.07715162679455186,0.07762674420201791,0.00047511740746604967,False,"['most', 'particularly', 'especially', 'really', 'more']","['most', 'particularly', 'especially', 'really', 'more']",mask
1159,10,65.0,34,process,7,5.26,7.839354511297983,3,unpleasant,10,3.8,10.97457889163446,10.90465259552002,10.869739532470703,0.034913063049316406,0.007859734164125429,0.06176550373531507,0.05390576957118964,0.1075685693053091,0.10760170091916688,3.3131613857799626e-05,False,"['striking', 'interesting', 'remarkable', 'special', 'strange']","['striking', 'interesting', 'strange', 'special', 'remarkable']",mask
1160,10,65.0,34,process,7,5.26,7.839354511297983,4,about,5,6.4,1.028931793952807,0.07679521292448044,0.0851161852478981,-0.008320972323417664,0.0019787925153064143,0.011074879039063117,0.009096086523756697,0.7905153639167068,0.7905153730787685,9.162061798193513e-09,False,"['about', 'in', 'with', 'of', ',']","['about', 'in', 'with', 'of', 'to']",mask
1161,10,65.0,34,process,7,5.26,7.839354511297983,5,all,3,6.52,7.316653024644298,0.21496157348155975,0.2958838939666748,-0.08092232048511505,0.015137560597603215,0.08194820450258011,0.06681064390497689,0.5980119010061438,0.5980119807130033,7.970685964345455e-08,False,"['all', 'doing', 'being', 'having', '...']","['all', 'doing', 'being', 'having', 'even']",mask
1162,10,65.0,34,process,7,5.26,7.839354511297983,6,this,4,6.82,1.068575617216416,0.07871309667825699,0.08315078914165497,-0.00443769246339798,0.0007857010806712564,0.00639462468763742,0.005608923606966164,0.16507682866773518,0.16507754749785514,7.188301199770463e-07,False,"['this', 'that', 'these', 'women', 'life']","['this', 'that', 'these', 'life', 'women']",mask
1163,10,65.0,34,process,7,5.26,7.839354511297983,7,is,2,7.07,8.204936360025501,0.07447109371423721,0.05299006402492523,0.02148102968931198,0.004479436344889722,0.020924368556497996,0.016444932211608268,-0.33983780616787324,6.039731380477008e-08,0.339837866565187,False,"['is', '?', ',', '-', ':']","['is', '?', ',', '-', ':']",mask
1164,10,65.0,34,process,7,5.26,7.839354511297983,8,the,3,7.73,4.032598697154909,0.0636293962597847,0.07130949944257736,-0.007680103182792664,0.0011148567383441814,0.010153147332318011,0.009038290593973831,0.03696403160151766,0.0372018593062055,0.00023782770468785508,False,"['the', 'an', 'this', 'its', 'that']","['the', 'an', 'this', 'its', 'that']",mask
1165,10,65.0,34,process,7,5.26,7.839354511297983,9,atmosphere,10,4.46,11.08973085456479,6.111859321594238,6.211467742919922,-0.0996084213256836,0.01171812452588848,0.07589184470817202,0.06417372018228351,-0.16606096394528638,3.356522028986439e-07,0.16606129959748933,False,"['sense', 'form', 'amount', 'kind', 'level']","['sense', 'form', 'amount', 'kind', 'level']",mask
1166,10,65.0,34,process,7,5.26,7.839354511297983,10,of,2,7.4,2.3370083392645147,0.026503190398216248,0.023000340908765793,0.0035028494894504547,0.000758299155586332,0.004515430164576599,0.003757131008990267,-0.22685499064792033,2.583265702824161e-07,0.22685524897449066,False,"['of', 'and', 'for', 'or', 'to']","['of', 'and', 'for', 'or', 'to']",mask
1167,10,65.0,34,process,7,5.26,7.839354511297983,11,blame,5,4.63,13.487923749814938,14.797698974609375,14.660164833068848,0.13753414154052734,0.01892066701995311,0.10441461558235614,0.08549394856240301,-0.04353588320370485,1.649630028621867e-05,0.043552379503991066,False,"['life', 'society', 'poverty', 'isolation', 'boredom']","['life', 'society', 'poverty', 'isolation', 'boredom']",mask
1168,10,65.0,34,process,7,5.26,7.839354511297983,12,in,2,7.27,6.7205832524032445,0.13599640130996704,0.15021075308322906,-0.014214351773262024,0.002370247360961355,0.018202879563999852,0.015832632203038488,0.07341378150943619,0.0738808338179915,0.00046705230855531674,False,"['in', 'under', 'within', 'with', 'through']","['in', 'under', 'with', 'within', 'through']",mask
1169,10,65.0,34,process,7,5.26,7.839354511297983,13,which,5,6.3,4.315448687889257,0.0636182501912117,0.06034286320209503,0.0032753869891166687,0.0008197585091061959,0.004763315062589448,0.003943556553483253,-0.08555131634347538,1.4716870202212441e-06,0.08555278803049562,False,"['which', 'that', 'how', 'it', 'where']","['which', 'that', 'how', 'it', 'where']",mask
1170,10,65.0,34,process,7,5.26,7.839354511297983,14,it,2,6.95,3.0013969172287944,1.964730143547058,1.8348495960235596,0.12988054752349854,0.012000222403212916,0.08624673936317248,0.07424651695995954,0.09924058259042007,0.09924207245471547,1.4898642954192778e-06,False,"['it', 'blame', 'life', 'suicide', 'everything']","['it', 'blame', 'life', 'everything', 'suicide']",mask
1171,10,65.0,34,process,7,5.26,7.839354511297983,15,is,2,7.07,1.3081637437765874,0.027354074642062187,0.03147250413894653,-0.004118429496884346,0.00042358012514559913,0.004772732862351657,0.0043491527372060594,-0.06519820789492946,1.523330848176874e-07,0.06519836022801428,False,"['is', 'was', 'are', 'gets', 'seems']","['is', 'was', 'are', 'gets', 'seems']",mask
1172,10,65.0,34,process,7,5.26,7.839354511297983,16,carried,7,4.77,7.017450162554626,3.415388345718384,3.216402292251587,0.19898605346679688,0.00918976506858977,0.07252965098958576,0.06333988592099596,-0.11348423106357598,1.4603059171173327e-07,0.11348437709416767,False,"['played', 'carried', 'pointed', 'worked', 'spoken']","['played', 'carried', 'pointed', 'worked', 'spoken']",mask
1173,10,65.0,34,process,7,5.26,7.839354511297983,17,out,3,6.38,2.0668413752752377,0.48208388686180115,0.4027016758918762,0.07938221096992493,0.007516388146014209,0.06156739068225873,0.054051002536244515,0.10429321321373312,0.10552773503574177,0.0012345218220086481,False,"['out', ',', 'on', 'around', 'about']","['out', ',', 'around', 'on', 'about']",mask
1174,10,65.0,34,process,7,5.26,7.839354511297983,18,as,2,6.77,9.546518476208595,1.0397926568984985,1.1229207515716553,-0.08312809467315674,0.00685070334732322,0.06180592098902917,0.05495521764170594,0.4146588853271154,0.4154395419309309,0.0007806566038155425,False,"['as', ',', '.', 'even', '-']","['as', ',', 'even', '.', '-']",mask
1175,10,65.0,34,process,7,5.26,7.839354511297983,19,though,6,5.5,4.719221302099274,2.820641040802002,2.797722339630127,0.022918701171875,0.002401863606440336,0.019652333710740242,0.017250470104299902,0.4032076072999988,0.40333385512836223,0.00012624782836346272,False,"['if', 'though', 'although', 'when', 'the']","['if', 'though', 'although', 'when', 'the']",mask
1176,10,65.0,34,process,7,5.26,7.839354511297983,20,getting,7,5.57,15.245505538097532,0.9878852963447571,1.000486969947815,-0.012601673603057861,0.006842095932369612,0.044707645291494465,0.03786554935912483,-0.23773987970037938,4.8949218324076044e-08,0.2377399286495977,False,"['getting', 'growing', 'becoming', 'being', 'going']","['getting', 'growing', 'becoming', 'being', 'going']",mask
1177,10,65.0,34,process,7,5.26,7.839354511297983,21,older,5,4.92,12.239302688206067,9.705711364746094,9.680736541748047,0.024974822998046875,0.013340456191003734,0.049221159569510425,0.03588070337850669,-0.06174358000054359,2.5835939274954386e-07,0.06174383835993635,False,"['married', 'pregnant', 'divorced', 'rich', 'paid']","['married', 'pregnant', 'rich', 'divorced', 'paid']",mask
1178,10,65.0,34,process,7,5.26,7.839354511297983,22,is,2,7.07,2.4196084644731517,0.6920245885848999,0.7352554798126221,-0.04323089122772217,0.001837326503895259,0.028953836820752882,0.027116510316857616,0.11678898453578926,0.1177553508622675,0.0009663663264782299,False,"['is', 'was', 'were', 'are', ',']","['is', 'was', 'were', 'are', ',']",mask
1179,10,65.0,34,process,7,5.26,7.839354511297983,23,a,1,7.36,2.6160512039308883,0.013491378165781498,0.008848500438034534,0.0046428777277469635,0.0011555260773759542,0.004754178779797649,0.0035986527024216954,-0.3148860483951808,1.0054499830671749e-06,0.3148870538451638,False,"['a', 'the', 'another', 'some', 'an']","['a', 'the', 'another', 'an', 'some']",mask
1180,10,65.0,34,process,7,5.26,7.839354511297983,24,lifestyle,9,4.29,11.693408686018646,10.420100212097168,10.069616317749023,0.35048389434814453,0.37711943114123103,0.650579792796889,0.27346036165565807,0.2568553739048763,0.2581631400577596,0.0013077661528834842,False,"['natural', 'moral', 'conscious', 'deliberate', 'bad']","['natural', 'conscious', 'bad', 'moral', 'wise']",mask
1181,10,65.0,34,process,7,5.26,7.839354511297983,25,choice,6,5.08,0.9964249582791739,4.939404487609863,3.7111682891845703,1.228236198425293,0.23749906049356329,0.4802236538840043,0.24272459339044095,-0.4349558527755781,4.1769380809456363e-07,0.43495627046938634,False,"['decision', 'choice', 'being', 'deliberately', 'custom']","['being', 'deliberately', 'decision', 'usually', ',']",mask
1182,10,65.0,34,process,7,5.26,7.839354511297983,26,made,4,5.92,7.5237024834755815,0.6185182332992554,0.41864317655563354,0.19987505674362183,0.041434891643706444,0.1536532088245799,0.11221831718087341,-1.0513080200249274,2.6367322744546782e-08,1.0513080463922502,False,"['made', 'taken', 'preferred', 'used', 'chosen']","['made', 'preferred', 'taken', 'chosen', 'favored']",mask
1183,10,65.0,34,process,7,5.26,7.839354511297983,27,by,2,6.66,1.0755304266739252,0.7252708077430725,0.5305108428001404,0.19475996494293213,0.02458060933679081,0.13607056555138536,0.11148995621459451,-0.32236095425431227,6.549948025823444e-08,0.3223610197537926,False,"['by', 'for', 'to', 'of', 'from']","['by', 'for', 'to', 'from', 'of']",mask
1184,10,65.0,34,process,7,5.26,7.839354511297983,28,lazy,4,4.24,11.514152883887773,11.177937507629395,12.77642822265625,-1.5984907150268555,0.09214572396277036,0.2336126852106144,0.14146696124784403,-0.5484832788680768,1.5593776921401623e-07,0.548483434805846,False,"['the', 'older', 'other', 'all', 'young']","['the', 'all', 'other', 'older', 'some']",mask
1185,10,65.0,34,process,7,5.26,7.839354511297983,29,women,5,5.57,7.790036689038194,6.956760406494141,7.347779273986816,-0.3910188674926758,0.0798168556071175,0.2100966730459939,0.1302798174388764,-0.480969041850576,7.316718741847606e-07,0.48096977352245024,False,"['people', 'individuals', 'adults', 'men', 'citizens']","['people', 'individuals', 'adults', 'men', 'citizens']",mask
1186,10,65.0,34,process,7,5.26,7.839354511297983,30,rather,6,5.32,7.586584865016182,0.004536804743111134,0.0016901171766221523,0.0028466875664889812,0.0012789979612770493,0.002852245802315756,0.0015732478410387073,-0.9177721881746735,1.4835649729623128e-07,0.917772336531171,False,"['rather', 'more', 'other', ',', 'instead']","['rather', 'more', 'other', ',', 'better']",mask
1187,10,65.0,34,process,7,5.26,7.839354511297983,31,than,4,6.13,0.008025753038310837,0.001012989436276257,0.0007435005391016603,0.0002694888971745968,0.00037431452327719593,0.000638332319928301,0.00026401779665110524,1.15525794184106,1.1552633551910991,5.41335003912147e-06,False,"['than', 'as', 'like', 'that', 'and']","['than', 'like', 'of', 'that', 'as']",mask
1188,10,65.0,34,process,7,5.26,7.839354511297983,32,a,1,7.36,3.013348513084418,1.7885620594024658,0.26438087224960327,1.5241811871528625,1.1626954753925258,1.307051404817106,0.14435592942457942,-2.7502191274354493,6.47895047409086e-08,2.7502191922249546,False,"['a', 'the', 'their', 'any', 'some']","['a', 'the', 'just', 'something', 'entirely']",mask
1189,10,65.0,34,process,7,5.26,7.839354511297983,33,natural,7,5.11,5.790889971185804,10.902538299560547,6.065897464752197,4.83664083480835,5.494429771455717,5.684065257287607,0.18963548583189077,-0.8256285415114228,0.000971618001459951,0.8266001595128828,False,"['social', 'political', 'business', 'legal', 'psychological']","['profession', 'choice', 'job', 'problem', 'disease']",mask
1190,10,65.0,1,is,2,7.07,5.067392613495786,0,what,4,6.38,0.0,16.297100067138672,8.535688400268555,7.761411666870117,3.2770397024770683,3.5207220352486983,0.24368233277162937,-0.4243466203043255,0.0010352464001824816,0.42538186670450795,False,"['it', '.', 'this', '-', 'where']","['.', 'p', 'vol', 'ii', 'trans']",truncate
1191,10,65.0,2,so,2,6.52,7.045905151849227,0,what,4,6.38,0.0,3.968118906021118,6.365151882171631,-2.3970329761505127,0.5428671011340842,0.7010367918109638,0.1581696906768793,-3.416076519466771,3.268873679311632e-06,3.41607978834045,False,"['it', 'that', 'this', 'he', 'which']","['that', 'it', 'what', 'this', 'where']",truncate
1192,10,65.0,2,so,2,6.52,7.045905151849227,1,is,2,7.07,5.067392613495786,7.057519435882568,3.1638107299804688,3.8937087059020996,2.372963178781765,2.6664983571471517,0.29353517836538745,2.813539376782116,2.8143749818789874,0.0008356050968715591,False,"['?', 'was', 'if', 'is', ',']","['if', 'now', 'the', 'happened', 'then']",truncate
1193,10,65.0,3,unpleasant,10,3.8,10.97457889163446,0,what,4,6.38,0.0,9.530402183532715,7.748692035675049,1.781710147857666,0.5658271756849448,0.6405179314504944,0.07469075576554952,-1.2009290665233254,0.0026547688906071306,1.2035838354139328,False,"['it', 'this', 'he', 'life', 'everything']","['it', 'that', 'this', 'which', 'he']",truncate
1194,10,65.0,3,unpleasant,10,3.8,10.97457889163446,1,is,2,7.07,5.067392613495786,2.871095895767212,2.2190756797790527,0.6520202159881592,0.22776129380456225,0.23572335003597944,0.007962056231417148,-1.6520407122562208,0.006544005398905181,1.6585847176551256,False,"['was', 'is', 'seemed', 'were', 'felt']","['was', 'is', 'if', 'seemed', ',']",truncate
1195,10,65.0,3,unpleasant,10,3.8,10.97457889163446,2,so,2,6.52,7.045905151849227,14.20287036895752,1.804038166999817,12.398832201957703,7.344728465655033,7.7221757728825455,0.37744730722751546,0.07340098558986537,0.0825942208471405,0.009193235257275122,False,"['more', 'so', 'it', 'an', 'this']","['it', 'this', 'that', 'happening', 'he']",truncate
1196,10,65.0,4,about,5,6.4,1.028931793952807,0,what,4,6.38,0.0,9.367498397827148,0.7452166080474854,8.622281789779663,4.842356201012556,5.3121277739727395,0.46977157296018407,2.5975878616437176,2.59758865508307,7.934393510141729e-07,False,"['what', 'it', 'this', 'he', 'that']","['it', 'this', 'life', 'he', 'that']",truncate
1197,10,65.0,4,about,5,6.4,1.028931793952807,1,is,2,7.07,5.067392613495786,3.5148050785064697,3.822197914123535,-0.30739283561706543,0.008665608963872558,0.03400218429896294,0.025336575335090383,-3.6599442774078716,1.9275827901076013e-08,3.6599442966836997,False,"['was', 'is', 'seemed', 'felt', 'looked']","['was', 'is', 'seemed', 'looked', 'felt']",truncate
1198,10,65.0,4,about,5,6.4,1.028931793952807,2,so,2,6.52,7.045905151849227,0.4532678723335266,0.07345316559076309,0.3798147067427635,0.30299460870902595,0.37669810211382104,0.07370349340479515,-1.3939996960155174,5.810476729326376e-08,1.3939997541202844,False,"['so', 'more', 'really', 'not', 'it']","['so', 'more', 'it', 'this', 'that']",truncate
1199,10,65.0,4,about,5,6.4,1.028931793952807,3,unpleasant,10,3.8,10.97457889163446,13.642182350158691,12.51396369934082,1.128218650817871,0.7159147681215605,1.0633057136874808,0.3473909455659204,-5.017882325515074,5.158142322771052e-06,5.017887483657398,False,"['funny', 'special', 'strange', 'important', 'weird']","['funny', 'important', 'strange', 'wrong', 'special']",truncate
1200,10,65.0,5,all,3,6.52,7.316653024644298,0,what,4,6.38,0.0,0.026875827461481094,0.05925663188099861,-0.03238080441951752,0.04824125750173775,0.08344755265907246,0.0352062951573347,-1.659165716101593,5.984796927736773e-05,1.6592255640708697,False,"['what', 'something', 'whatever', 'it', 'there']","['what', 'who', 'something', 'whatever', 'which']",truncate
1201,10,65.0,5,all,3,6.52,7.316653024644298,1,is,2,7.07,5.067392613495786,2.825978994369507,3.20697021484375,-0.38099122047424316,0.053161197031471465,0.09749510158579915,0.04433390455432769,-2.836524757609953,9.335316594682535e-07,2.836525691141613,False,"['was', 'is', 'seemed', 'felt', 'looked']","['was', 'is', 'you', 'i', 'were']",truncate
1202,10,65.0,5,all,3,6.52,7.316653024644298,2,so,2,6.52,7.045905151849227,5.193477153778076,0.05446721613407135,5.139009937644005,5.020447479473587,5.043032911635449,0.02258543216186294,-4.1624422381379205,1.2002042299959659e-06,4.162443438342152,False,"['so', 'really', 'most', 'more', 'not']","['it', 'that', 'he', 'she', 'this']",truncate
1203,10,65.0,5,all,3,6.52,7.316653024644298,3,unpleasant,10,3.8,10.97457889163446,11.76990032196045,11.667295455932617,0.10260486602783203,1.141775028996251,1.3536294680475893,0.21185443905133802,-1.6942938640888316,8.773799488711117e-06,1.6943026378883204,False,"['special', 'strange', 'important', 'funny', 'sad']","['funny', 'crazy', 'weird', 'happy', 'this']",truncate
1204,10,65.0,5,all,3,6.52,7.316653024644298,4,about,5,6.4,1.028931793952807,5.780056476593018,3.858400344848633,1.9216561317443848,5.779321593137487,6.0414233430131254,0.2621017498756377,-0.9551124619284754,0.0006286454332995103,0.9557411073617749,False,"['of', '?', 'after', 'at', 'about']","['?', 'here', 'now', '!', 'today']",truncate
1205,10,65.0,6,this,4,6.82,1.068575617216416,0,what,4,6.38,0.0,1.1318610906600952,0.024814389646053314,1.107046701014042,1.0304317231836417,1.088168290662359,0.057736567478717256,-3.808613416757597,1.4391030150015665e-07,3.8086135606678986,False,"['what', 'something', 'whatever', 'it', 'there']","['what', 'there', 'something', 'it', 'he']",truncate
1206,10,65.0,6,this,4,6.82,1.068575617216416,1,is,2,7.07,5.067392613495786,4.086432933807373,2.483440399169922,1.6029925346374512,0.12577470458897616,0.2872588288541214,0.16148412426514533,-0.8669178972362445,5.354315963955098e-06,0.8669232515522081,False,"['was', 'is', 'seemed', 'felt', 'seems']","['was', 'is', 'seemed', 'felt', 'looked']",truncate
1207,10,65.0,6,this,4,6.82,1.068575617216416,2,so,2,6.52,7.045905151849227,0.0323975533246994,0.035706114023923874,-0.003308560699224472,0.004808818487879769,0.012146532154877461,0.0073377136669976915,0.049133170245322245,0.049595122432029105,0.0004619521867068531,False,"['so', 'really', 'truly', 'most', 'the']","['so', 'really', 'most', 'more', 'not']",truncate
1208,10,65.0,6,this,4,6.82,1.068575617216416,3,unpleasant,10,3.8,10.97457889163446,11.310256958007812,12.245203971862793,-0.9349470138549805,0.21624365092108955,0.4184367713094713,0.20219312038838172,-0.5327457462623362,2.959163536776704e-06,0.5327487054258729,False,"['special', 'strange', 'funny', 'important', 'weird']","['strange', 'special', 'important', 'funny', 'bad']",truncate
1209,10,65.0,6,this,4,6.82,1.068575617216416,4,about,5,6.4,1.028931793952807,5.1491827964782715,0.23563405871391296,4.9135487377643585,4.60900917059155,4.707841535456691,0.09883236486514269,2.6431665758084386,2.654314162722299,0.01114758691386058,False,"['about', 'in', ',', '?', 'is']","['after', 'of', 'at', 'is', 'and']",truncate
1210,10,65.0,6,this,4,6.82,1.068575617216416,5,all,3,6.52,7.316653024644298,13.099055290222168,0.23828230798244476,12.860772982239723,11.545147622055277,11.634172380450028,0.08902475839474991,5.383448659870072,5.3834824634359695,3.3803565898291085e-05,False,"['all', 'doing', '...', 'al', 'being']","['it', 'him', 'her', 'this', 'you']",truncate
1211,10,65.0,7,is,2,7.07,8.204936360025501,0,what,4,6.38,0.0,0.098561592400074,0.017139730975031853,0.08142186142504215,0.05307176950103413,0.08046058479743151,0.027388815296397355,-1.3786558444551933,1.3241502401299048e-09,1.378655845779344,False,"['what', 'something', 'whatever', 'it', 'nothing']","['what', 'something', 'whatever', 'nothing', 'it']",truncate
1212,10,65.0,7,is,2,7.07,8.204936360025501,1,is,2,7.07,5.067392613495786,2.9212148189544678,0.09296467155218124,2.8282501474022865,2.4542254559447025,2.6787473318689776,0.22452187592427528,2.518795090407337,2.51879513507785,4.467051339296629e-08,False,"['is', 'was', 'seems', 'feels', 'sounds']","['was', 'is', 'seemed', 'felt', 'seems']",truncate
1213,10,65.0,7,is,2,7.07,8.204936360025501,2,so,2,6.52,7.045905151849227,0.013949141837656498,0.0833798199892044,-0.06943067815154791,0.08879869037783823,0.1543305150260159,0.06553182464817767,1.7230251395130487,1.7230251404282007,9.15152163468202e-10,False,"['so', 'really', 'most', 'truly', 'more']","['so', 'really', 'the', 'truly', 'more']",truncate
1214,10,65.0,7,is,2,7.07,8.204936360025501,3,unpleasant,10,3.8,10.97457889163446,12.786381721496582,12.533682823181152,0.2526988983154297,0.04764469661796833,0.18326420315419312,0.13561950653622476,0.5100556596279089,0.5100571108681692,1.451240260358197e-06,False,"['strange', 'funny', 'special', 'important', 'different']","['funny', 'strange', 'special', 'important', 'weird']",truncate
1215,10,65.0,7,is,2,7.07,8.204936360025501,4,about,5,6.4,1.028931793952807,0.02721508778631687,0.05980193242430687,-0.03258684463799,0.016615340192381638,0.04787996913868868,0.03126462894630705,2.913514576190417,2.9135145775892473,1.3988303090605672e-09,False,"['about', 'in', 'with', ',', '?']","['about', 'in', 'with', ',', 'is']",truncate
1216,10,65.0,7,is,2,7.07,8.204936360025501,5,all,3,6.52,7.316653024644298,0.00729301106184721,0.020942511036992073,-0.013649499975144863,0.01224925668604683,0.025825675362619132,0.013576418676572307,3.1286445329776833,3.1286445365449476,3.567265141391657e-09,False,"['all', 'doing', 'al', '...', 'even']","['all', 'doing', 'al', 'hearing', '...']",truncate
1217,10,65.0,7,is,2,7.07,8.204936360025501,6,this,4,6.82,1.068575617216416,0.07110080868005753,0.07135828584432602,-0.00025747716426849365,0.0007682838242330505,0.002540943662386466,0.0017726598381534154,1.5641176392786853,1.5641177140270326,7.474834758078527e-08,False,"['this', 'that', 'these', 'things', 'it']","['this', 'that', 'these', 'it', 'things']",truncate
1218,10,65.0,8,the,3,7.73,4.032598697154909,0,what,4,6.38,0.0,0.014170829206705093,0.006684087682515383,0.007486741524189711,0.00368802248516593,0.007516891263627631,0.0038288687784617035,-1.2199538266916978,4.249638850104627e-06,1.219958076330548,False,"['what', 'whatever', 'something', 'who', 'it']","['what', 'whatever', 'something', 'there', 'it']",truncate
1219,10,65.0,8,the,3,7.73,4.032598697154909,1,is,2,7.07,5.067392613495786,0.02760438621044159,0.020138127729296684,0.007466258481144905,0.015287390105036104,0.01846812302688442,0.0031807329218483177,-3.5717830380014775,1.8748840314008805e-07,3.5717832254898805,False,"['is', 'seems', 'was', 'feels', 'sounds']","['is', 'something', 'was', 'seems', 'gets']",truncate
1220,10,65.0,8,the,3,7.73,4.032598697154909,2,so,2,6.52,7.045905151849227,0.07098617404699326,0.8836352825164795,-0.8126491084694862,1.2071209752065393,1.650416289302912,0.4432953140963728,0.6346815885666877,0.6348905916214453,0.0002090030547576219,False,"['so', 'really', 'most', 'truly', 'more']","['so', 'really', 'most', 'the', 'more']",truncate
1221,10,65.0,8,the,3,7.73,4.032598697154909,3,unpleasant,10,3.8,10.97457889163446,12.432661056518555,11.899402618408203,0.5332584381103516,0.08753390256027552,0.2350768679174418,0.1475429653571663,-1.9628339102879497,3.30816325646428e-06,1.9628372184512057,False,"['special', 'strange', 'different', 'important', 'interesting']","['special', 'strange', 'important', 'funny', 'different']",truncate
1222,10,65.0,8,the,3,7.73,4.032598697154909,4,about,5,6.4,1.028931793952807,0.3799499273300171,0.21821479499340057,0.16173513233661652,0.15013205685365053,0.22098123925102303,0.07084918239737253,1.4782100657859123,1.4785563322954585,0.0003462665095459698,False,"['about', 'in', '?', ',', 'that']","['about', 'that', ',', 'in', 'when']",truncate
1223,10,65.0,8,the,3,7.73,4.032598697154909,5,all,3,6.52,7.316653024644298,2.4145612716674805,2.108799457550049,0.30576181411743164,1.5630737862994786,1.9604031809600984,0.3973293946606199,5.561945734061134,5.561967040043368,2.130598223372389e-05,False,"['what', 'all', 'how', 'who', 'that']","['what', 'all', 'whatever', 'who', 'everything']",truncate
1224,10,65.0,8,the,3,7.73,4.032598697154909,6,this,4,6.82,1.068575617216416,0.13951672613620758,0.0974242240190506,0.04209250211715698,0.019730899793194288,0.046083305901796635,0.026352406108602372,-1.6940966796454582,3.038638275441842e-05,1.6941270660282124,False,"['this', 'that', 'these', 'it', 'things']","['this', 'that', 'it', 'these', 'there']",truncate
1225,10,65.0,8,the,3,7.73,4.032598697154909,7,is,2,7.07,8.204936360025501,11.939200401306152,10.91030502319336,1.028895378112793,7.382067575257914,7.451811140740608,0.0697435654826941,7.424160859142454,7.424868217586121,0.0007073584436649835,False,"['?', '!', '.', ',', '...']","['stuff', 'nonsense', 'shit', 'noise', 'crap']",truncate
1226,10,65.0,9,atmosphere,10,4.46,11.08973085456479,0,what,4,6.38,0.0,0.01396729052066803,0.004261999856680632,0.009705290663987398,0.004747463285581651,0.009676661668869213,0.0049291983832875615,-2.1163164243213433,1.1460799607098721e-07,2.1163165389293392,False,"['what', 'whatever', 'something', 'it', 'there']","['what', 'whatever', 'something', 'it', 'who']",truncate
1227,10,65.0,9,atmosphere,10,4.46,11.08973085456479,1,is,2,7.07,5.067392613495786,0.033237311989068985,0.0130446907132864,0.020192621275782585,0.008954032070962828,0.020020139998265393,0.011066107927302563,-1.8320573643466196,1.5795736847694302e-07,1.832057522303988,False,"['is', 'seems', 'was', 'feels', 'gets']","['is', 'seems', 'was', 'feels', 'sounds']",truncate
1228,10,65.0,9,atmosphere,10,4.46,11.08973085456479,2,so,2,6.52,7.045905151849227,0.38583680987358093,1.5771692991256714,-1.1913324892520905,0.6469020838090249,1.0476741539625625,0.40077207015353755,0.4128639589625068,0.4189957827330003,0.0061318237704934475,False,"['so', 'really', 'most', 'truly', 'particularly']","['so', 'really', 'most', 'more', 'truly']",truncate
1229,10,65.0,9,atmosphere,10,4.46,11.08973085456479,3,unpleasant,10,3.8,10.97457889163446,11.546250343322754,11.782068252563477,-0.23581790924072266,0.06970087928043672,0.19288297308734725,0.12318209380691054,-0.454896718887068,0.00029219715900247016,0.45518891604607037,False,"['special', 'important', 'different', 'strange', 'great']","['special', 'important', 'strange', 'great', 'different']",truncate
1230,10,65.0,9,atmosphere,10,4.46,11.08973085456479,4,about,5,6.4,1.028931793952807,0.6400423049926758,0.5174218416213989,0.12262046337127686,0.039105879653320755,0.130554455061956,0.09144857540863525,-0.09852734824478011,0.029408012528752178,0.12793536077353232,False,"['about', '?', 'in', ',', 'with']","['about', 'in', '?', ',', 'that']",truncate
1231,10,65.0,9,atmosphere,10,4.46,11.08973085456479,5,all,3,6.52,7.316653024644298,2.955273389816284,4.756760120391846,-1.8014867305755615,0.44745387826046307,0.7361767228683026,0.2887228446078394,0.5187993752620425,0.5207184186321993,0.0019190433701567653,False,"['?', 'it', 'this', 'that', '...']","['all', 'that', 'how', 'being', '?']",truncate
1232,10,65.0,9,atmosphere,10,4.46,11.08973085456479,6,this,4,6.82,1.068575617216416,0.12192682176828384,0.21520502865314484,-0.09327820688486099,0.15758675800522098,0.2496727489590818,0.09208599095386089,-0.49857346327072555,0.011336558958453917,0.5099100222291796,False,"['this', 'that', 'things', 'these', 'life']","['this', 'that', 'these', 'it', 'things']",truncate
1233,10,65.0,9,atmosphere,10,4.46,11.08973085456479,7,is,2,7.07,8.204936360025501,6.696118354797363,1.786377191543579,4.909741163253784,1.4166889795016007,1.634384910623687,0.21769593112208674,-1.2374934398991173,0.02123556844879757,1.2587290083479148,False,"['?', 'is', 'in', ',', 'about']","['?', ',', 'and', 'of', 'in']",truncate
1234,10,65.0,9,atmosphere,10,4.46,11.08973085456479,8,the,3,7.73,4.032598697154909,9.61249828338623,0.09200344979763031,9.5204948335886,9.058205885924297,9.129647207708544,0.07144132178425301,-1.6104589381997132,0.0021299437137783117,1.6125888819134913,False,"['the', 'its', 'an', 'this', '...']","['happening', 'this', 'new', 'unknown', 'strange']",truncate
1235,10,65.0,10,of,2,7.4,2.3370083392645147,0,what,4,6.38,0.0,0.0016518066404387355,0.001196119119413197,0.00045568752102553844,9.20498356212674e-05,0.0004641557476333993,0.0003721059120121319,-0.3492023559985682,1.9012041102018367e-08,0.34920237501060925,False,"['what', 'whatever', 'something', 'that', 'which']","['what', 'whatever', 'something', 'it', 'that']",truncate
1236,10,65.0,10,of,2,7.4,2.3370083392645147,1,is,2,7.07,5.067392613495786,0.008016673848032951,0.012715253978967667,-0.004698580130934715,0.001702361894381193,0.006591082849271966,0.0048887209548907715,0.668918005888535,0.6689180410883898,3.519985485146745e-08,False,"['is', 'seems', 'was', 'feels', 'gets']","['is', 'seems', 'was', 'gets', 'feels']",truncate
1237,10,65.0,10,of,2,7.4,2.3370083392645147,2,so,2,6.52,7.045905151849227,1.22027587890625,2.4845540523529053,-1.2642781734466553,0.2557631084392265,0.4827128209927957,0.22694971255356922,0.31928371777668046,0.32025356761659796,0.000969849839917436,False,"['most', 'really', 'so', 'particularly', 'especially']","['so', 'really', 'most', 'particularly', 'more']",truncate
1238,10,65.0,10,of,2,7.4,2.3370083392645147,3,unpleasant,10,3.8,10.97457889163446,11.623392105102539,11.409869194030762,0.21352291107177734,0.04477377711887897,0.1763317883210233,0.13155801120214433,0.25942401275183846,0.2606530813847075,0.0012290686328690404,False,"['special', 'different', 'strange', 'interesting', 'important']","['special', 'different', 'strange', 'important', 'interesting']",truncate
1239,10,65.0,10,of,2,7.4,2.3370083392645147,4,about,5,6.4,1.028931793952807,0.1256810575723648,0.14212527871131897,-0.016444221138954163,0.003263136292822469,0.022179865232353383,0.018916728939530916,0.5191130832191123,0.5191130942807837,1.1061671358966488e-08,False,"['about', 'in', 'with', '?', ',']","['about', 'in', 'with', '?', ',']",truncate
1240,10,65.0,10,of,2,7.4,2.3370083392645147,5,all,3,6.52,7.316653024644298,0.7504643201828003,0.206412672996521,0.5440516471862793,0.2795032930272978,0.47157133043397387,0.19206803740667622,-1.5236451032439018,3.625789564455175e-09,1.5236451068696912,False,"['all', '...', 'being', 'it', '?']","['all', '?', '...', 'that', 'it']",truncate
1241,10,65.0,10,of,2,7.4,2.3370083392645147,6,this,4,6.82,1.068575617216416,0.07185874134302139,0.1345386654138565,-0.06267992407083511,0.0373876051911582,0.09452177728734798,0.05713417209618978,0.7778111945954643,0.7783810879520023,0.0005698933565379991,False,"['this', 'that', 'these', 'things', 'life']","['this', 'that', 'these', 'things', 'it']",truncate
1242,10,65.0,10,of,2,7.4,2.3370083392645147,7,is,2,7.07,8.204936360025501,4.787476062774658,2.2079079151153564,2.5795681476593018,0.3564920041846005,0.5728558457781436,0.21636384159354316,0.09351938580667883,0.10192558674685236,0.008406200940173523,False,"['?', 'is', 'in', ',', ':']","['?', 'in', ',', 'is', '-']",truncate
1243,10,65.0,10,of,2,7.4,2.3370083392645147,8,the,3,7.73,4.032598697154909,0.051562096923589706,0.06465049088001251,-0.013088393956422806,0.02716198437512923,0.045875717673029164,0.01871373329789995,-0.7120068718985174,0.004183707766950158,0.7161905796654675,False,"['the', 'its', 'this', 'an', 'that']","['the', 'its', 'this', 'our', '...']",truncate
1244,10,65.0,10,of,2,7.4,2.3370083392645147,9,atmosphere,10,4.46,11.08973085456479,9.017017364501953,9.75284194946289,-0.7358245849609375,1.3679524284976328,1.6757765552852786,0.30782412678764615,-0.3132418485174833,0.0004973679360267578,0.3137392164535099,False,"['truth', 'question', 'reality', 'nature', 'problem']","['truth', 'question', 'same', 'past', 'food']",truncate
1245,10,65.0,11,blame,5,4.63,13.487923749814938,0,what,4,6.38,0.0,0.0040913294069468975,0.0026639755815267563,0.0014273538254201412,0.000348343172666042,0.0014309562337790416,0.001082613061113,-0.490845350570332,3.251269111509841e-05,0.4908778632614471,False,"['what', 'whatever', 'something', 'that', 'which']","['what', 'whatever', 'something', 'it', 'which']",truncate
1246,10,65.0,11,blame,5,4.63,13.487923749814938,1,is,2,7.07,5.067392613495786,0.012581401504576206,0.016626758500933647,-0.004045356996357441,0.0009101758080644764,0.005146857033437754,0.004236681225373277,-0.6022833213369605,3.674996066480303e-05,0.6023200712976252,False,"['is', 'seems', 'was', 'feels', 'gets']","['is', 'seems', 'was', 'feels', 'gets']",truncate
1247,10,65.0,11,blame,5,4.63,13.487923749814938,2,so,2,6.52,7.045905151849227,0.9748209118843079,2.00473690032959,-1.029915988445282,0.2373909055602881,0.49622210239266723,0.25883119683237915,-0.2433439313084291,0.0001334799063566721,0.24347741121478583,False,"['most', 'so', 'really', 'particularly', 'more']","['so', 'really', 'most', 'more', 'truly']",truncate
1248,10,65.0,11,blame,5,4.63,13.487923749814938,3,unpleasant,10,3.8,10.97457889163446,10.782782554626465,10.420427322387695,0.36235523223876953,0.02446137308772852,0.12502307436252,0.10056170127479146,-0.37012520156080325,0.00015158031381335503,0.37027678187461655,False,"['special', 'different', 'important', 'strange', 'interesting']","['special', 'strange', 'important', 'different', 'interesting']",truncate
1249,10,65.0,11,blame,5,4.63,13.487923749814938,4,about,5,6.4,1.028931793952807,0.36038273572921753,0.28628009557724,0.07410264015197754,0.015642997549342137,0.06182400018952499,0.04618100264018284,-0.36180145301584277,1.2704815369086928e-05,0.3618141578312118,False,"['about', 'in', '?', ',', 'with']","['about', 'in', '?', ',', 'that']",truncate
1250,10,65.0,11,blame,5,4.63,13.487923749814938,5,all,3,6.52,7.316653024644298,1.849690556526184,1.2837618589401245,0.5659286975860596,0.4359203078062867,0.6052354729930204,0.1693151651867336,1.59342162529554,1.593461810906113,4.018561057317519e-05,False,"['all', '?', 'it', 'that', '...']","['all', 'what', 'that', 'how', '?']",truncate
1251,10,65.0,11,blame,5,4.63,13.487923749814938,6,this,4,6.82,1.068575617216416,0.2548161447048187,0.15591558814048767,0.09890055656433105,0.046027629931466585,0.11130815547830492,0.0652805255468383,-1.517254611073165,0.00023749452499093483,1.5174921055981563,False,"['this', 'that', 'these', 'things', 'life']","['this', 'that', 'these', 'things', 'it']",truncate
1252,10,65.0,11,blame,5,4.63,13.487923749814938,7,is,2,7.07,8.204936360025501,5.331930637359619,3.4544730186462402,1.877457618713379,0.3367036657905214,0.612135684015974,0.2754320182254526,-0.7899583256834314,0.04521957282240331,0.8351778985058346,False,"['?', 'in', 'is', ',', ':']","['?', 'in', ',', 'and', ':']",truncate
1253,10,65.0,11,blame,5,4.63,13.487923749814938,8,the,3,7.73,4.032598697154909,0.24774156510829926,0.7427453994750977,-0.4950038343667984,0.48213444058126614,0.8049785895429636,0.32284414896169755,-1.4060033777045033,0.0001089762016361057,1.4061123539061398,False,"['the', 'an', 'this', 'its', 'that']","['the', 'this', 'an', 'that', 'its']",truncate
1254,10,65.0,11,blame,5,4.63,13.487923749814938,9,atmosphere,10,4.46,11.08973085456479,14.999053955078125,10.03162670135498,4.9674272537231445,3.744374669894711,3.9341153427184294,0.18974067282371762,2.17491879416241,2.1751925226754616,0.0002737285130513375,False,"['lack', 'sense', 'nature', 'idea', 'feeling']","['question', 'subject', 'wonder', 'issue', 'talk']",truncate
1255,10,65.0,11,blame,5,4.63,13.487923749814938,10,of,2,7.4,2.3370083392645147,10.925630569458008,1.9127286672592163,9.012901902198792,8.625532603814552,8.653792235843014,0.028259632028459943,4.187090584111502,4.306970542084406,0.11987995797290406,False,"['.', 'of', 'to', 'we', 'you']","['here', 'itself', 'outside', 'within', 'inside']",truncate
1256,10,65.0,12,in,2,7.27,6.7205832524032445,0,what,4,6.38,0.0,0.0007025481900200248,0.0007412636186927557,-3.871542867273092e-05,7.276522023329824e-06,6.791771058359318e-05,6.0641188560263375e-05,0.1288338075180531,0.12883447669390435,6.691758512708095e-07,False,"['what', 'whatever', 'something', 'that', 'which']","['what', 'whatever', 'something', 'that', 'which']",truncate
1257,10,65.0,12,in,2,7.27,6.7205832524032445,1,is,2,7.07,5.067392613495786,0.015672989189624786,0.016241280362010002,-0.0005682911723852158,0.0005454448961884964,0.0020639295265668348,0.0015184846303783384,0.46531246505634477,0.46531249837387806,3.331753325384152e-08,False,"['is', 'seems', 'was', 'feels', 'gets']","['is', 'seems', 'feels', 'gets', 'was']",truncate
1258,10,65.0,12,in,2,7.27,6.7205832524032445,2,so,2,6.52,7.045905151849227,1.367024302482605,2.3365983963012695,-0.9695740938186646,0.12818761304525933,0.320147081842439,0.1919594687971796,0.3641284309673613,0.36412846744981514,3.648245378453619e-08,False,"['most', 'so', 'really', 'particularly', 'especially']","['so', 'most', 'really', 'particularly', 'especially']",truncate
1259,10,65.0,12,in,2,7.27,6.7205832524032445,3,unpleasant,10,3.8,10.97457889163446,7.927666187286377,8.24486255645752,-0.3171963691711426,0.032661729057050344,0.12668271613157556,0.0940209870745252,-0.06022549671073768,2.400523370139685e-06,0.06022789723410783,False,"['special', 'important', 'strange', 'different', 'sad']","['special', 'sad', 'strange', 'important', 'different']",truncate
1260,10,65.0,12,in,2,7.27,6.7205832524032445,4,about,5,6.4,1.028931793952807,0.2619000971317291,0.21583986282348633,0.0460602343082428,0.00817857618684904,0.04916155844380326,0.0409829822569542,0.15345585550518986,0.15345599805879012,1.4255360020809013e-07,False,"['about', 'in', 'with', ',', '?']","['about', 'in', 'with', ',', '?']",truncate
1261,10,65.0,12,in,2,7.27,6.7205832524032445,5,all,3,6.52,7.316653024644298,0.05304742604494095,0.08240329474210739,-0.029355868697166443,0.011844062499108512,0.04060151762106644,0.028757455121957924,0.37196739183308214,0.3751178658589302,0.003150474025848032,False,"['all', '...', 'doing', 'being', 'al']","['all', '...', 'al', '?', 'being']",truncate
1262,10,65.0,12,in,2,7.27,6.7205832524032445,6,this,4,6.82,1.068575617216416,0.06223970279097557,0.06747028231620789,-0.005230579525232315,0.0024709902863875675,0.00972195989282203,0.007250969606434461,0.4261450651372725,0.426145089368084,2.4230811490125907e-08,False,"['this', 'that', 'these', 'things', 'it']","['this', 'that', 'these', 'it', 'things']",truncate
1263,10,65.0,12,in,2,7.27,6.7205832524032445,7,is,2,7.07,8.204936360025501,4.869372367858887,2.1849355697631836,2.684436798095703,0.38638823608432343,0.6455190196213703,0.25913078353704655,1.022048458620305,1.0246743694035716,0.0026259107832668016,False,"['?', 'is', ':', ',', '-']","['?', ',', 'is', '-', 'in']",truncate
1264,10,65.0,12,in,2,7.27,6.7205832524032445,8,the,3,7.73,4.032598697154909,0.57967609167099,0.5116654634475708,0.06801062822341919,0.010540586776345489,0.0651108821109144,0.0545702953345689,0.2494244571444155,0.2505899187154532,0.0011654615710377772,False,"['the', 'an', 'its', 'this', 'that']","['the', 'an', 'this', 'its', 'that']",truncate
1265,10,65.0,12,in,2,7.27,6.7205832524032445,9,atmosphere,10,4.46,11.08973085456479,10.391952514648438,10.552699089050293,-0.16074657440185547,0.041375743809567184,0.16284510907494767,0.12146936526538055,0.15010543699035647,0.15071809127473734,0.0006126542843808476,False,"['lack', 'sense', 'absence', 'feeling', 'nature']","['lack', 'sense', 'feeling', 'idea', 'nature']",truncate
1266,10,65.0,12,in,2,7.27,6.7205832524032445,10,of,2,7.4,2.3370083392645147,0.7308253645896912,0.2496897429227829,0.48113562166690826,0.27481327285425233,0.4666296309625648,0.1918163581083125,-0.5574376447134022,5.676363583255075e-07,0.5574382123497604,False,"['of', 'to', 'for', 'and', 'we']","['of', 'to', 'and', 'we', 'for']",truncate
1267,10,65.0,12,in,2,7.27,6.7205832524032445,11,blame,5,4.63,13.487923749814938,12.593960762023926,11.80750846862793,0.7864522933959961,0.1270693280280721,0.3099071448615401,0.18283781683346806,0.5633560143414941,0.5633571112007225,1.096859228136243e-06,False,"['war', 'death', 'it', 'fear', 'terror']","['war', 'it', 'death', 'fear', 'chaos']",truncate
1268,10,65.0,13,which,5,6.3,4.315448687889257,0,what,4,6.38,0.0,0.0016366549534723163,0.0007540829828940332,0.0008825719705782831,0.00031947360742484975,0.0008823205240639251,0.0005628469166390753,-1.9676901836690943,4.52868007418888e-07,1.9676906365371016,False,"['what', 'whatever', 'which', 'that', 'something']","['what', 'whatever', 'which', 'something', 'that']",truncate
1269,10,65.0,13,which,5,6.3,4.315448687889257,1,is,2,7.07,5.067392613495786,0.01675742119550705,0.012935622595250607,0.003821798600256443,0.00260993152423928,0.006021612802345245,0.0034116812781059664,-2.6045473527950214,1.905991335259987e-06,2.604549258786357,False,"['is', 'seems', 'was', 'becomes', 'gets']","['is', 'seems', 'was', 'gets', 'feels']",truncate
1270,10,65.0,13,which,5,6.3,4.315448687889257,2,so,2,6.52,7.045905151849227,0.9981973767280579,4.117076873779297,-3.118879497051239,1.0245553396304592,1.2973409679619616,0.2727856283315028,-1.2371798374330376,0.00034138976633656825,1.2375212271993743,False,"['most', 'particularly', 'especially', 'really', 'so']","['so', 'really', 'most', 'more', 'particularly']",truncate
1271,10,65.0,13,which,5,6.3,4.315448687889257,3,unpleasant,10,3.8,10.97457889163446,9.326851844787598,8.51224136352539,0.814610481262207,0.3102608531530285,0.5596142480530888,0.2493533949000604,-1.0887820863985436,0.00023316395682052265,1.0890152503553645,False,"['special', 'important', 'striking', 'strange', 'interesting']","['important', 'special', 'strange', 'different', 'interesting']",truncate
1272,10,65.0,13,which,5,6.3,4.315448687889257,4,about,5,6.4,1.028931793952807,0.3627742826938629,0.17979852855205536,0.18297575414180756,0.07710389578743343,0.16216986286785998,0.08506596708042642,-2.3602154519950993,1.2378137437743868e-06,2.3602166898088437,False,"['about', 'in', 'of', 'with', ',']","['about', 'in', 'with', ',', '?']",truncate
1273,10,65.0,13,which,5,6.3,4.315448687889257,5,all,3,6.52,7.316653024644298,0.8187773823738098,0.30459359288215637,0.5141837894916534,0.3526891217857827,0.49732622070817933,0.14463709892239668,-3.6505214701819506,0.00024299376729551494,3.650764463949246,False,"['all', 'doing', '...', 'being', 'us']","['all', '?', ',', 'that', 'how']",truncate
1274,10,65.0,13,which,5,6.3,4.315448687889257,6,this,4,6.82,1.068575617216416,0.18386729061603546,0.12328391522169113,0.06058337539434433,0.050500830284451514,0.09295463152087731,0.04245380123642579,-6.372644576501716,0.00041207014693067916,6.373056646648648,False,"['this', 'that', 'these', 'cases', 'things']","['this', 'that', 'these', ',', 'things']",truncate
1275,10,65.0,13,which,5,6.3,4.315448687889257,7,is,2,7.07,8.204936360025501,4.702991008758545,0.20417682826519012,4.498814180493355,3.574526129871141,3.914016695378247,0.3394905655071062,-3.2278708076946505,1.2210147059823498e-05,3.2278830178417106,False,"['is', '?', ':', ',', '-']","['?', ',', ':', 'in', 'is']",truncate
1276,10,65.0,13,which,5,6.3,4.315448687889257,8,the,3,7.73,4.032598697154909,0.3865106403827667,0.9133487939834595,-0.5268381536006927,0.3962166157978454,0.726853374995238,0.3306367591973927,-4.07737590735667,1.481700178333203e-05,4.0773907243584535,False,"['the', 'an', 'this', 'its', 'that']","['the', 'an', 'this', 'that', 'its']",truncate
1277,10,65.0,13,which,5,6.3,4.315448687889257,9,atmosphere,10,4.46,11.08973085456479,13.001335144042969,7.355421543121338,5.645913600921631,1.306735759453579,1.604190121296691,0.29745436184311186,-2.1724071847909108,0.0008073683733054776,2.1732145531642164,False,"['sense', 'form', 'system', 'absence', 'nature']","['lack', 'role', 'sense', 'place', 'use']",truncate
1278,10,65.0,13,which,5,6.3,4.315448687889257,10,of,2,7.4,2.3370083392645147,6.43490743637085,0.015941107645630836,6.418966328725219,6.333733302221842,6.35433659933155,0.020603297109708835,-3.3854359627976165,4.4345609265333954e-05,3.385480308406882,False,"['of', 'for', 'to', 'and', 'or']","['we', 'you', 'to', 'i', 'they']",truncate
1279,10,65.0,13,which,5,6.3,4.315448687889257,11,blame,5,4.63,13.487923749814938,17.859773635864258,13.889348030090332,3.970425605773926,7.904625561206396,7.970964497072366,0.06633893586597073,-3.856590882927481,0.005074365418065781,3.861665248345547,False,"['war', 'death', 'fear', 'terror', 'isolation']","['living', 'moving', 'coming', 'listening', 'being']",truncate
1280,10,65.0,13,which,5,6.3,4.315448687889257,12,in,2,7.27,6.7205832524032445,14.018444061279297,1.8663816452026367,12.15206241607666,9.00843028796841,9.042440164264825,0.03400987629641698,0.9840512970286843,1.548588581278537,0.5645372842498529,False,"[',', 'in', 'for', 'within', '.']","['##lessness', 'alone', '##less', 'itself', 'here']",truncate
1281,10,65.0,14,it,2,6.95,3.0013969172287944,0,what,4,6.38,0.0,0.001314374036155641,0.001001286436803639,0.00031308759935200214,8.876002402508242e-05,0.00031442935107558795,0.0002256693270505056,-0.9596569132339712,1.0104792797642973e-07,0.9596570142818992,False,"['what', 'whatever', 'which', 'that', 'something']","['what', 'whatever', 'which', 'that', 'it']",truncate
1282,10,65.0,14,it,2,6.95,3.0013969172287944,1,is,2,7.07,5.067392613495786,0.014944520778954029,0.011893853545188904,0.0030506672337651253,0.0006176280777299102,0.0032811632075281146,0.002663535129798205,-0.9844311732123727,1.2872058004773052e-06,0.9844324604181732,False,"['is', 'seems', 'was', 'becomes', 'gets']","['is', 'seems', 'gets', 'was', 'becomes']",truncate
1283,10,65.0,14,it,2,6.95,3.0013969172287944,2,so,2,6.52,7.045905151849227,2.7503795623779297,2.966184377670288,-0.2158048152923584,0.011273456336995292,0.08654887024085574,0.07527541390386043,-0.40693895430397115,6.41575040029233e-06,0.4069453700543714,False,"['most', 'particularly', 'so', 'really', 'especially']","['most', 'particularly', 'so', 'really', 'especially']",truncate
1284,10,65.0,14,it,2,6.95,3.0013969172287944,3,unpleasant,10,3.8,10.97457889163446,8.517389297485352,8.481675148010254,0.035714149475097656,0.06077393656538812,0.18489031718682866,0.12411638062144051,-0.49298963598462964,5.022946906069784e-05,0.4930398654536905,False,"['special', 'important', 'striking', 'strange', 'remarkable']","['special', 'important', 'strange', 'interesting', 'striking']",truncate
1285,10,65.0,14,it,2,6.95,3.0013969172287944,4,about,5,6.4,1.028931793952807,0.3264826834201813,0.3416537344455719,-0.015171051025390625,0.002208342457884827,0.02138689205080756,0.019178549592922742,-0.15992957818350326,0.005162694980073752,0.165092273163577,False,"['about', 'in', 'of', ',', 'with']","['about', 'in', 'of', 'with', ',']",truncate
1286,10,65.0,14,it,2,6.95,3.0013969172287944,5,all,3,6.52,7.316653024644298,0.5640813112258911,0.2632858455181122,0.30079546570777893,0.12484210628037391,0.25296049705136464,0.12811839077099074,-3.2105726560195316,1.524026132859066e-06,3.210574180045665,False,"['all', 'doing', '...', 'being', 'it']","['all', 'doing', '?', '...', 'that']",truncate
1287,10,65.0,14,it,2,6.95,3.0013969172287944,6,this,4,6.82,1.068575617216416,0.2282605916261673,0.18036945164203644,0.04789113998413086,0.028463907140332093,0.06152924593121907,0.03306533879088698,-1.340847833131219,4.9707376385399034e-05,1.3408975405076045,False,"['this', 'that', 'these', 'things', 'cases']","['this', 'that', 'these', 'blame', 'things']",truncate
1288,10,65.0,14,it,2,6.95,3.0013969172287944,7,is,2,7.07,8.204936360025501,0.8349791169166565,0.19012217223644257,0.6448569446802139,0.3553716076973299,0.5655523359586946,0.2101807282613646,-1.5133421129475328,1.6406080099935502e-05,1.5133585190276326,False,"['is', '?', ',', '-', ':']","['is', '?', ',', 'and', 'in']",truncate
1289,10,65.0,14,it,2,6.95,3.0013969172287944,8,the,3,7.73,4.032598697154909,0.11628175526857376,0.025079399347305298,0.09120235592126846,0.05514439486785154,0.08963062094643615,0.0344862260785846,-2.376497662639387,1.8362883810708956e-07,2.3764978462682254,False,"['the', 'an', 'this', 'that', 'its']","['the', 'an', 'this', 'that', 'its']",truncate
1290,10,65.0,14,it,2,6.95,3.0013969172287944,9,atmosphere,10,4.46,11.08973085456479,8.818622589111328,7.601382732391357,1.2172398567199707,0.3787218793206467,0.6510888014737335,0.272366922153087,-1.7971196328594645,2.2770356807208004e-05,1.797142403216272,False,"['sense', 'form', 'state', 'kind', 'amount']","['sense', 'amount', 'kind', 'form', 'sort']",truncate
1291,10,65.0,14,it,2,6.95,3.0013969172287944,10,of,2,7.4,2.3370083392645147,0.03543896973133087,0.018246516585350037,0.017192453145980835,0.008143459637288781,0.01739707596851289,0.009253616331224108,-2.111210237525196,3.0057248126480985e-06,2.111213243250009,False,"['of', 'and', 'or', 'to', 'for']","['of', 'and', 'for', 'to', 'or']",truncate
1292,10,65.0,14,it,2,6.95,3.0013969172287944,11,blame,5,4.63,13.487923749814938,13.789447784423828,14.524070739746094,-0.7346229553222656,0.3424000469267993,0.56993032411335,0.2275302771865506,-3.1747859763435553,2.0926523802712158e-05,3.1748069028673576,False,"['death', 'horror', 'terror', 'fear', 'war']","['death', 'being', 'it', 'war', 'terror']",truncate
1293,10,65.0,14,it,2,6.95,3.0013969172287944,12,in,2,7.27,6.7205832524032445,3.4699718952178955,0.47583600878715515,2.9941358864307404,2.0360099423538167,2.377009248341704,0.3409993059878877,-5.577739580899373,0.00010233535573023278,5.577841916255103,False,"['in', ',', 'within', 'with', 'into']","[',', 'for', 'in', '.', '?']",truncate
1294,10,65.0,14,it,2,6.95,3.0013969172287944,13,which,5,6.3,4.315448687889257,11.496350288391113,3.948897361755371,7.547452926635742,6.448142551920824,6.623314156009798,0.17517160408897342,5.611818156183197,5.612358904240964,0.0005407480577681883,False,"['which', 'all', 'doing', 'making', 'that']","['society', 'it', 'general', 'america', 'everyone']",truncate
1295,10,65.0,15,is,2,7.07,1.3081637437765874,0,what,4,6.38,0.0,0.001137253362685442,0.0008517374517396092,0.00028551591094583273,5.2537253653110155e-05,0.0003011488406255465,0.00024861158697243624,-0.6008730597437715,9.712129099485718e-06,0.6008827718728709,False,"['what', 'whatever', 'which', 'that', 'something']","['what', 'whatever', 'which', 'that', 'something']",truncate
1296,10,65.0,15,is,2,7.07,1.3081637437765874,1,is,2,7.07,5.067392613495786,0.012699899263679981,0.012460657395422459,0.00023924186825752258,0.0006060637449973615,0.0019058047728989715,0.0012997410279016101,-0.36168787101614314,0.003187203078007349,0.3648750740941505,False,"['is', 'seems', 'was', 'gets', 'becomes']","['is', 'seems', 'was', 'gets', 'becomes']",truncate
1297,10,65.0,15,is,2,7.07,1.3081637437765874,2,so,2,6.52,7.045905151849227,2.564703941345215,3.426771879196167,-0.8620679378509521,0.04933783548450851,0.15874404466803121,0.10940620918352267,-0.018394683493487624,0.06360017423979974,0.08199485773328738,False,"['most', 'particularly', 'really', 'so', 'especially']","['most', 'so', 'particularly', 'really', 'especially']",truncate
1298,10,65.0,15,is,2,7.07,1.3081637437765874,3,unpleasant,10,3.8,10.97457889163446,8.856840133666992,9.017370223999023,-0.16053009033203125,0.009770762253134275,0.06938785314280026,0.059617090889665984,-0.0009059099945893934,0.05736814351065551,0.058274053505244894,False,"['special', 'important', 'strange', 'striking', 'interesting']","['special', 'important', 'striking', 'strange', 'interesting']",truncate
1299,10,65.0,15,is,2,7.07,1.3081637437765874,4,about,5,6.4,1.028931793952807,0.22843387722969055,0.24377629160881042,-0.015342414379119873,0.0012462868357319826,0.01773569864063913,0.016489411804907147,-0.14232864844321738,0.02577395432192821,0.16810260276514558,False,"['about', 'in', 'of', 'with', ',']","['about', 'in', 'of', 'with', ',']",truncate
1300,10,65.0,15,is,2,7.07,1.3081637437765874,5,all,3,6.52,7.316653024644298,0.3385761082172394,0.22089727222919464,0.11767883598804474,0.0367473887167171,0.11089580338955561,0.07414841467283853,-1.2885269832040802,3.693673142438861e-05,1.2885639199355043,False,"['all', 'doing', 'being', '...', 'even']","['all', 'doing', 'being', '...', 'even']",truncate
1301,10,65.0,15,is,2,7.07,1.3081637437765874,6,this,4,6.82,1.068575617216416,0.27379244565963745,0.23671670258045197,0.037075743079185486,0.008624787883534721,0.04249848394469263,0.0338736960611579,-0.24641545707206441,0.0644508034787522,0.3108662605508166,False,"['this', 'that', 'these', 'things', 'cases']","['this', 'that', 'these', 'things', 'it']",truncate
1302,10,65.0,15,is,2,7.07,1.3081637437765874,7,is,2,7.07,8.204936360025501,0.6002112627029419,0.15589480102062225,0.44431646168231964,0.23509181408292038,0.3989166742954945,0.1638248602125741,-0.9575311436935076,0.01809527820040351,0.975626421893911,False,"['is', '?', ',', 'in', '-']","['is', '?', ',', 'and', 'in']",truncate
1303,10,65.0,15,is,2,7.07,1.3081637437765874,8,the,3,7.73,4.032598697154909,0.011834463104605675,0.014047694392502308,-0.002213231287896633,0.0009957684016354104,0.003943254294421786,0.0029474858927863758,-0.24495638933668068,0.01316744961019494,0.2581238389468757,False,"['the', 'this', 'that', 'an', 'its']","['the', 'this', 'that', 'an', 'its']",truncate
1304,10,65.0,15,is,2,7.07,1.3081637437765874,9,atmosphere,10,4.46,11.08973085456479,8.2999267578125,7.991133689880371,0.3087930679321289,0.12841031262264824,0.2888447147919084,0.16043440216926028,-0.512779298214112,0.003994763904083863,0.5167740621181959,False,"['sense', 'form', 'state', 'kind', 'world']","['sense', 'form', 'amount', 'state', 'kind']",truncate
1305,10,65.0,15,is,2,7.07,1.3081637437765874,10,of,2,7.4,2.3370083392645147,0.041025567799806595,0.014211383648216724,0.02681418415158987,0.01400767073162982,0.027630163331085155,0.013622492599455336,-2.0049854035991372,9.833142206421877e-06,2.004995236741344,False,"['of', 'and', 'or', 'for', 'to']","['of', 'and', 'or', 'to', 'for']",truncate
1306,10,65.0,15,is,2,7.07,1.3081637437765874,11,blame,5,4.63,13.487923749814938,14.399710655212402,14.99831771850586,-0.598607063293457,0.05447554282832865,0.18732272525441407,0.13284718242608543,-0.6011809609964195,0.0023466811742025766,0.6035276421706223,False,"['death', 'horror', 'terror', 'hell', 'danger']","['death', 'horror', 'terror', 'silence', 'fear']",truncate
1307,10,65.0,15,is,2,7.07,1.3081637437765874,12,in,2,7.27,6.7205832524032445,0.4743852913379669,0.33475279808044434,0.13963249325752258,0.13733793515659193,0.20322352876825392,0.06588559361166199,-5.717441977162429,0.0030420457784425597,5.72048402294087,False,"['in', ',', 'within', 'under', 'from']","['in', ',', 'within', 'with', 'from']",truncate
1308,10,65.0,15,is,2,7.07,1.3081637437765874,13,which,5,6.3,4.315448687889257,11.319070816040039,0.836046040058136,10.483024775981903,6.636450719046808,6.9213516612623724,0.28490094221556345,2.081197209379539,2.1642980759066255,0.08310086652708598,False,"['which', 'all', 'that', 'what', 'being']","['doing', 'making', 'all', 'creating', 'handling']",truncate
1309,10,65.0,15,is,2,7.07,1.3081637437765874,14,it,2,6.95,3.0013969172287944,7.1373491287231445,3.5036349296569824,3.633714199066162,4.303791100219064,4.453208774403024,0.14941767418396093,-8.282438757767485,0.003894439968735735,8.286333197736221,False,"['there', 'everyone', 'it', 'he', 'everybody']","['mr', 'dr', 'the', 'we', '.']",truncate
1310,10,65.0,16,carried,7,4.77,7.017450162554626,0,what,4,6.38,0.0,0.0008784107631072402,0.0007628586608916521,0.00011555210221558809,1.3025458276473722e-05,0.00012711479891843835,0.00011408934064196467,-0.24230071433525704,9.923767843800705e-08,0.2423008135729355,False,"['what', 'whatever', 'which', 'that', 'something']","['what', 'whatever', 'which', 'that', 'something']",truncate
1311,10,65.0,16,carried,7,4.77,7.017450162554626,1,is,2,7.07,5.067392613495786,0.010663974098861217,0.009595450945198536,0.0010685231536626816,8.673312592099571e-05,0.0011521501383511094,0.0010654170124301133,-0.22050969298330836,7.694371230148644e-08,0.22050976992702065,False,"['is', 'seems', 'gets', 'was', 'becomes']","['is', 'seems', 'gets', 'was', 'feels']",truncate
1312,10,65.0,16,carried,7,4.77,7.017450162554626,2,so,2,6.52,7.045905151849227,2.338853597640991,3.0180249214172363,-0.6791713237762451,0.034756193691265855,0.13002147725358912,0.09526528356232324,-0.15700470530924154,9.712345174511379e-07,0.15700567654375897,False,"['most', 'particularly', 'really', 'so', 'especially']","['most', 'so', 'really', 'particularly', 'especially']",truncate
1313,10,65.0,16,carried,7,4.77,7.017450162554626,3,unpleasant,10,3.8,10.97457889163446,9.05032730102539,8.960650444030762,0.0896768569946289,0.012191960778537835,0.08532406373787663,0.0731321029593388,-0.037283894066401126,0.0044711681653731026,0.04175506223177423,False,"['special', 'important', 'strange', 'striking', 'interesting']","['special', 'important', 'strange', 'interesting', 'striking']",truncate
1314,10,65.0,16,carried,7,4.77,7.017450162554626,4,about,5,6.4,1.028931793952807,0.1606774926185608,0.18237954378128052,-0.021702051162719727,0.0026633138899043868,0.025047973740734707,0.022384659850830314,-0.20622254138995533,4.258507884224461e-06,0.20622679989783957,False,"['about', 'in', 'of', 'with', ',']","['about', 'in', 'with', 'of', ',']",truncate
1315,10,65.0,16,carried,7,4.77,7.017450162554626,5,all,3,6.52,7.316653024644298,0.12562775611877441,0.16560417413711548,-0.039976418018341064,0.008187067105871164,0.04462375583460578,0.0364366887287346,0.025830571511805834,0.029230394683473656,0.0033998231716678195,False,"['all', 'doing', 'being', 'even', '...']","['all', 'doing', 'being', 'even', '...']",truncate
1316,10,65.0,16,carried,7,4.77,7.017450162554626,6,this,4,6.82,1.068575617216416,0.1958220899105072,0.23088836669921875,-0.03506627678871155,0.00540609221059017,0.03642720794611136,0.03102111573552119,0.1702322266733773,0.170684641369834,0.00045241469645673565,False,"['this', 'that', 'these', 'things', 'cases']","['this', 'that', 'these', 'things', 'cases']",truncate
1317,10,65.0,16,carried,7,4.77,7.017450162554626,7,is,2,7.07,8.204936360025501,0.7543455958366394,0.10053750872612,0.6538080871105194,0.44584419665172376,0.6099984198692222,0.16415422321749829,-2.0114102271292698,7.344524702035067e-09,2.011410234473794,False,"['is', '?', ',', ':', '-']","['is', '?', ',', '-', 'and']",truncate
1318,10,65.0,16,carried,7,4.77,7.017450162554626,8,the,3,7.73,4.032598697154909,0.007938333787024021,0.006826120428740978,0.001112213358283043,0.00013149495467185748,0.0012506414658819032,0.0011191465112100453,-0.3680609329793936,3.410708215184585e-08,0.3680609670864758,False,"['the', 'this', 'that', 'an', 'its']","['the', 'this', 'that', 'an', 'its']",truncate
1319,10,65.0,16,carried,7,4.77,7.017450162554626,9,atmosphere,10,4.46,11.08973085456479,8.57504940032959,8.241560935974121,0.33348846435546875,0.0291140635403596,0.1367504025718273,0.10763633903146767,-0.054493297133558646,3.1348777986335726e-06,0.05449643201135728,False,"['sense', 'form', 'state', 'world', 'amount']","['sense', 'form', 'state', 'world', 'amount']",truncate
1320,10,65.0,16,carried,7,4.77,7.017450162554626,10,of,2,7.4,2.3370083392645147,0.012146095745265484,0.009704959578812122,0.0024411361664533615,0.00029710893218429403,0.0024278653404953216,0.0021307564083110266,-0.24586749379586753,8.159042714422414e-09,0.24586750195491025,False,"['of', 'and', 'or', 'for', 'to']","['of', 'and', 'or', 'for', 'to']",truncate
1321,10,65.0,16,carried,7,4.77,7.017450162554626,11,blame,5,4.63,13.487923749814938,15.09972858428955,14.725309371948242,0.3744192123413086,0.01774271519466416,0.09685612376597054,0.07911340857130637,-0.4701677845845866,4.3014547893841047e-07,0.4701682147300655,False,"['death', 'horror', 'danger', 'terror', 'freedom']","['death', 'horror', 'danger', 'terror', 'hell']",truncate
1322,10,65.0,16,carried,7,4.77,7.017450162554626,12,in,2,7.27,6.7205832524032445,0.6591969132423401,0.19280026853084564,0.46639664471149445,0.3454432222405801,0.41876259926919646,0.07331937702861634,-4.39930610036343,3.9259265589119153e-08,4.399306139622695,False,"['in', 'within', 'under', 'for', 'of']","['in', ',', 'within', 'for', 'under']",truncate
1323,10,65.0,16,carried,7,4.77,7.017450162554626,13,which,5,6.3,4.315448687889257,3.660529375076294,0.008452377282083035,3.652076997794211,3.6040706718282025,3.6307502713421953,0.02667959951399252,-4.7024554440803445,9.391060364062681e-08,4.702455537990948,False,"['which', 'that', 'what', 'where', 'how']","['what', 'whatever', 'which', 'everything', 'all']",truncate
1324,10,65.0,16,carried,7,4.77,7.017450162554626,14,it,2,6.95,3.0013969172287944,1.680005431175232,1.952419400215149,-0.272413969039917,3.056670252030647,3.277925411660695,0.2212551596300476,-1.8529816459749255,4.176679722997518e-06,1.8529858226546483,False,"['it', 'blame', 'guilt', 'evil', 'judgment']","['it', 'he', 'everyone', 'there', 'she']",truncate
1325,10,65.0,16,carried,7,4.77,7.017450162554626,15,is,2,7.07,1.3081637437765874,6.8050665855407715,0.07050354778766632,6.734563037753105,6.77029319334424,6.773862223124509,0.003569029780271283,-2.8600098787936945,7.08541918452287e-07,2.8600105873356134,False,"['is', 'was', 'are', 'gets', 'has']","['occurs', 'happens', 'exists', 'occurred', 'arises']",truncate
1326,10,65.0,17,out,3,6.38,2.0668413752752377,0,what,4,6.38,0.0,0.0006310563767328858,0.0006119580357335508,1.909834099933505e-05,5.56409049933889e-06,3.38283363652556e-05,2.8264245865916702e-05,-0.07605266430132204,2.0817212896995465e-08,0.07605268511853495,False,"['what', 'whatever', 'which', 'that', 'something']","['what', 'whatever', 'which', 'that', 'something']",truncate
1327,10,65.0,17,out,3,6.38,2.0668413752752377,1,is,2,7.07,5.067392613495786,0.007736190687865019,0.008092078380286694,-0.00035588769242167473,0.00010987148632449205,0.0006729594657121893,0.0005630879793876974,0.16150383631163323,0.16356077954264572,0.0020569432310125597,False,"['is', 'seems', 'becomes', 'gets', 'makes']","['is', 'seems', 'gets', 'becomes', 'makes']",truncate
1328,10,65.0,17,out,3,6.38,2.0668413752752377,2,so,2,6.52,7.045905151849227,3.586587905883789,4.568957805633545,-0.9823698997497559,0.036045554354442934,0.14224066744420202,0.1061951130897591,0.11350043758663748,0.11480181964542122,0.001301382058783668,False,"['most', 'particularly', 'especially', 'really', 'so']","['most', 'particularly', 'especially', 'really', 'so']",truncate
1329,10,65.0,17,out,3,6.38,2.0668413752752377,3,unpleasant,10,3.8,10.97457889163446,9.10576343536377,9.942342758178711,-0.8365793228149414,0.06497177371196318,0.20452744539611137,0.13955567168414823,-0.10146844857182813,2.560322979062377e-07,0.10146870460412603,False,"['special', 'striking', 'remarkable', 'important', 'interesting']","['striking', 'special', 'important', 'strange', 'remarkable']",truncate
1330,10,65.0,17,out,3,6.38,2.0668413752752377,4,about,5,6.4,1.028931793952807,0.1553472876548767,0.18711932003498077,-0.031772032380104065,0.0048293853029047805,0.035714577738736146,0.03088519243583137,0.5463924988303668,0.5463925592898503,6.045948358628671e-08,False,"['about', 'in', 'of', 'with', ',']","['about', 'in', 'of', 'with', ',']",truncate
1331,10,65.0,17,out,3,6.38,2.0668413752752377,5,all,3,6.52,7.316653024644298,0.18418890237808228,0.39756301045417786,-0.21337410807609558,0.17130542889126218,0.34365646414859585,0.1723510352573337,1.068502337457225,1.0685025112591422,1.7380191718814891e-07,False,"['all', 'doing', '...', 'being', 'even']","['all', 'doing', 'being', 'even', '...']",truncate
1332,10,65.0,17,out,3,6.38,2.0668413752752377,6,this,4,6.82,1.068575617216416,0.21699738502502441,0.17202335596084595,0.04497402906417847,0.03167964420895282,0.07619749423681396,0.044517850027861114,0.17014627006829242,0.17014839799388143,2.1279255889693395e-06,False,"['this', 'that', 'these', 'cases', 'murder']","['this', 'that', 'these', 'things', 'cases']",truncate
1333,10,65.0,17,out,3,6.38,2.0668413752752377,7,is,2,7.07,8.204936360025501,0.18137384951114655,0.15359504520893097,0.027778804302215576,0.010331172258541119,0.04202537868694734,0.0316942064284062,-0.19588115627604757,1.4245035749867721e-06,0.19588258077962256,False,"['is', '?', ',', ':', 'in']","['is', '?', ',', ':', '-']",truncate
1334,10,65.0,17,out,3,6.38,2.0668413752752377,8,the,3,7.73,4.032598697154909,0.0037916924338787794,0.00582484295591712,-0.0020331505220383406,0.0010847019611337583,0.003111064259856111,0.0020263622987223536,0.7113513927340115,0.7113514118557938,1.9121782108162505e-08,False,"['the', 'this', 'an', 'that', 'its']","['the', 'this', 'that', 'an', 'its']",truncate
1335,10,65.0,17,out,3,6.38,2.0668413752752377,9,atmosphere,10,4.46,11.08973085456479,7.3427228927612305,6.776216506958008,0.5665063858032227,0.357220182488519,0.5903923333776189,0.23317215088909987,0.13581817270823,0.13583290773669368,1.4735028463721626e-05,False,"['sense', 'form', 'manner', 'degree', 'system']","['sense', 'form', 'amount', 'kind', 'state']",truncate
1336,10,65.0,17,out,3,6.38,2.0668413752752377,10,of,2,7.4,2.3370083392645147,0.005827691871672869,0.006743439007550478,-0.0009157471358776093,0.0007535729336723082,0.002088450322138221,0.001334877388465913,1.874849241117783,1.8748492677352706,2.6617487745876437e-08,False,"['of', 'and', 'for', 'or', 'to']","['of', 'and', 'or', 'for', 'to']",truncate
1337,10,65.0,17,out,3,6.38,2.0668413752752377,11,blame,5,4.63,13.487923749814938,14.57153034210205,15.249791145324707,-0.6782608032226562,0.4751756455701882,0.7532301210243587,0.2780544754541705,-0.048951421191556245,1.4155995301815784e-05,0.04896557718685806,False,"['terror', 'war', 'death', 'horror', 'violence']","['death', 'danger', 'terror', 'fear', 'silence']",truncate
1338,10,65.0,17,out,3,6.38,2.0668413752752377,12,in,2,7.27,6.7205832524032445,0.34260785579681396,0.207064688205719,0.13554316759109497,0.16571117799867482,0.22200792631074884,0.056296748312074006,-0.04174906412626457,0.0074847664830180564,0.04923383060928263,False,"['in', 'under', 'within', 'through', 'by']","['in', 'into', 'through', 'under', 'within']",truncate
1339,10,65.0,17,out,3,6.38,2.0668413752752377,13,which,5,6.3,4.315448687889257,0.001621761592105031,0.004915804136544466,-0.003294042544439435,0.003653537858140454,0.006936401291881732,0.003282863433741278,2.1346935698643996,2.1346935699533947,8.899535142391136e-11,False,"['which', 'that', 'how', 'when', 'case']","['which', 'that', 'how', 'when', 'whom']",truncate
1340,10,65.0,17,out,3,6.38,2.0668413752752377,14,it,2,6.95,3.0013969172287944,1.018022894859314,0.8250740170478821,0.19294887781143188,1.0354521740879452,1.1512992203001262,0.11584704621218078,0.9707945423048703,0.9707963339695167,1.791664646171276e-06,False,"['it', 'justice', 'this', 'judgment', 'everything']","['it', 'blame', 'guilt', 'judgment', 'this']",truncate
1341,10,65.0,17,out,3,6.38,2.0668413752752377,15,is,2,7.07,1.3081637437765874,0.022451305761933327,0.20141488313674927,-0.17896357737481594,0.2589853473527449,0.41503388395492385,0.15604853660217885,0.42030695348552316,0.42046768356520425,0.00016073007968115028,False,"['is', 'was', 'are', 'being', 'were']","['is', 'was', 'are', 'gets', 'has']",truncate
1342,10,65.0,17,out,3,6.38,2.0668413752752377,16,carried,7,4.77,7.017450162554626,9.8234224319458,0.8723064661026001,8.9511159658432,6.280640574040928,6.43498014562014,0.15433957157920986,-2.2282865610346136,2.7054453432072603e-07,2.228286831579148,False,"['carried', 'played', 'thrown', 'borne', 'laid']","['presented', 'done', 'written', 'made', 'conducted']",truncate
1343,10,65.0,18,as,2,6.77,9.546518476208595,0,what,4,6.38,0.0,0.0004950510337948799,0.0006803518044762313,-0.00018530077068135142,3.5644307256950846e-05,0.0002212180428164159,0.0001855737355594651,0.24569167738739758,0.24569240834292413,7.309555265965537e-07,False,"['what', 'whatever', 'which', 'that', 'something']","['what', 'whatever', 'which', 'that', 'something']",truncate
1344,10,65.0,18,as,2,6.77,9.546518476208595,1,is,2,7.07,5.067392613495786,0.007580322679132223,0.008905085735023022,-0.0013247630558907986,0.0002328392237141474,0.0017823165851040279,0.0015494773613898808,0.2621953237766496,0.26225217713748405,5.6853360834545273e-05,False,"['is', 'seems', 'becomes', 'gets', 'was']","['is', 'seems', 'gets', 'becomes', 'makes']",truncate
1345,10,65.0,18,as,2,6.77,9.546518476208595,2,so,2,6.52,7.045905151849227,3.922518491744995,4.512905120849609,-0.5903866291046143,0.015266648780338786,0.07073144166555458,0.05546479288521576,0.09300440109985098,0.09319006107637423,0.0001856599765232307,False,"['most', 'particularly', 'especially', 'really', 'so']","['most', 'particularly', 'especially', 'really', 'so']",truncate
1346,10,65.0,18,as,2,6.77,9.546518476208595,3,unpleasant,10,3.8,10.97457889163446,9.76177978515625,9.756516456604004,0.005263328552246094,0.008109282033367615,0.06577965823955333,0.0576703762061857,0.11842595665246519,0.11842600153394171,4.4881476525737796e-08,False,"['striking', 'special', 'important', 'remarkable', 'interesting']","['special', 'striking', 'important', 'remarkable', 'interesting']",truncate
1347,10,65.0,18,as,2,6.77,9.546518476208595,4,about,5,6.4,1.028931793952807,0.12614843249320984,0.17598269879817963,-0.04983426630496979,0.010353871241489532,0.05446538975703657,0.04411151851554704,0.7099762633591126,0.7099762637929529,4.3384019110208214e-10,False,"['about', 'in', 'of', 'with', 'to']","['about', 'in', 'of', 'with', ',']",truncate
1348,10,65.0,18,as,2,6.77,9.546518476208595,5,all,3,6.52,7.316653024644298,0.19131964445114136,0.19257834553718567,-0.0012587010860443115,0.0026927585001380264,0.014466127403954436,0.011773368903816403,-0.3502599753712321,9.692754685667567e-07,0.35026094464670054,False,"['all', 'doing', 'even', '...', 'being']","['all', 'doing', 'even', 'being', '...']",truncate
1349,10,65.0,18,as,2,6.77,9.546518476208595,6,this,4,6.82,1.068575617216416,0.1359659731388092,0.1540096402168274,-0.01804366707801819,0.0033458201985523406,0.022535194022094425,0.019189373823542077,0.2593853684882991,0.25938538596775623,1.747945718109714e-08,False,"['this', 'that', 'these', 'cases', 'things']","['this', 'that', 'these', 'cases', 'murder']",truncate
1350,10,65.0,18,as,2,6.77,9.546518476208595,7,is,2,7.07,8.204936360025501,0.18294686079025269,0.025342535227537155,0.15760432556271553,0.11396865620648611,0.1551535240599572,0.041184867853471065,-2.500966795985028,3.125190261290658e-09,2.500966799110218,False,"['is', '?', 'was', ':', 'are']","['is', '?', ',', ':', '-']",truncate
1351,10,65.0,18,as,2,6.77,9.546518476208595,8,the,3,7.73,4.032598697154909,0.005024786107242107,0.006904573179781437,-0.0018797870725393295,0.0005270090748386923,0.002401058321589737,0.0018740492467510448,0.4795043352045188,0.4795043559323129,2.072779409438071e-08,False,"['the', 'an', 'this', 'that', 'its']","['the', 'this', 'an', 'that', 'its']",truncate
1352,10,65.0,18,as,2,6.77,9.546518476208595,9,atmosphere,10,4.46,11.08973085456479,6.600386142730713,6.742094039916992,-0.1417078971862793,0.017638383409071045,0.10487826849750077,0.08723988508842971,0.10910952910130377,0.10910962015496642,9.105366264838304e-08,False,"['sense', 'form', 'degree', 'manner', 'amount']","['sense', 'form', 'degree', 'amount', 'manner']",truncate
1353,10,65.0,18,as,2,6.77,9.546518476208595,10,of,2,7.4,2.3370083392645147,0.006428306922316551,0.006255221087485552,0.00017308583483099937,0.00017108682229725306,0.0008309010310740011,0.0006598142087767482,0.0911045861090909,0.09122761007300718,0.00012302396391628375,False,"['of', 'and', 'for', 'or', 'to']","['of', 'and', 'or', 'for', 'to']",truncate
1354,10,65.0,18,as,2,6.77,9.546518476208595,11,blame,5,4.63,13.487923749814938,15.06104564666748,15.16148853302002,-0.10044288635253906,0.029223418504263625,0.12894221002138653,0.0997187915171229,0.12440538565831433,0.1244067592421018,1.3735837875031782e-06,False,"['terror', 'war', 'violence', 'horror', 'secrecy']","['terror', 'war', 'death', 'horror', 'violence']",truncate
1355,10,65.0,18,as,2,6.77,9.546518476208595,12,in,2,7.27,6.7205832524032445,0.16847674548625946,0.19926200807094574,-0.03078526258468628,0.0039043786620091923,0.030791545278865316,0.026887166616856126,0.6308981211089255,0.6308981217897957,6.808702591943974e-10,False,"['in', 'under', 'within', 'through', 'with']","['in', 'under', 'within', 'through', 'with']",truncate
1356,10,65.0,18,as,2,6.77,9.546518476208595,13,which,5,6.3,4.315448687889257,0.005315789952874184,0.004166270140558481,0.0011495198123157024,0.00023712878685135943,0.0011728502890026083,0.0009357215021512489,0.3137289831986169,0.3146740564515453,0.0009450732529284041,False,"['which', 'that', 'how', 'when', 'case']","['which', 'how', 'that', 'when', 'case']",truncate
1357,10,65.0,18,as,2,6.77,9.546518476208595,14,it,2,6.95,3.0013969172287944,0.5247406959533691,0.7256444692611694,-0.2009037733078003,0.036504054491074994,0.16455017850087425,0.12804612400979923,0.36086283892175575,0.360862848723841,9.802085267141512e-09,False,"['it', 'this', 'justice', 'judgment', 'punishment']","['it', 'this', 'justice', 'everything', 'judgment']",truncate
1358,10,65.0,18,as,2,6.77,9.546518476208595,15,is,2,7.07,1.3081637437765874,0.12107787281274796,0.09911900758743286,0.021958865225315094,0.0022424564978765623,0.021015537773148713,0.018773081275272146,0.26524775348151713,0.2654333320480129,0.00018557856649574082,False,"['is', 'was', 'are', 'gets', 'seems']","['is', 'was', 'are', 'gets', 'seems']",truncate
1359,10,65.0,18,as,2,6.77,9.546518476208595,16,carried,7,4.77,7.017450162554626,0.8601378202438354,1.0385792255401611,-0.17844140529632568,0.024790245060159595,0.12257696436565815,0.09778671930549855,0.0543868720025895,0.0543889252355343,2.0532329447985053e-06,False,"['carried', 'played', 'thrown', 'dealt', 'borne']","['carried', 'played', 'thrown', 'dealt', 'brought']",truncate
1360,10,65.0,18,as,2,6.77,9.546518476208595,17,out,3,6.38,2.0668413752752377,0.10776108503341675,0.18545791506767273,-0.07769683003425598,0.41901286914861036,0.5059392531779123,0.08692638402930183,3.7271891421006362,3.7271895027251856,3.606245483602982e-07,False,"['out', ',', 'about', 'on', 'away']","['out', 'about', 'on', 'away', 'off']",truncate
1361,10,65.0,19,though,6,5.5,4.719221302099274,0,what,4,6.38,0.0,0.000987862586043775,0.0006166035891510546,0.00037125899689272046,8.60232289071886e-05,0.0003711350746633758,0.00028511184575618725,-0.8476019133710556,8.31694083932894e-08,0.8476019965404641,False,"['what', 'whatever', 'which', 'that', 'something']","['what', 'whatever', 'which', 'that', 'it']",truncate
1362,10,65.0,19,though,6,5.5,4.719221302099274,1,is,2,7.07,5.067392613495786,0.011634894646704197,0.006839166861027479,0.004795727785676718,0.0013743932798752773,0.004776247112733507,0.0034018538328582297,-1.6813139676469107,2.958666255035818e-08,1.681313997233573,False,"['is', 'seems', 'becomes', 'gets', 'was']","['is', 'seems', 'becomes', 'gets', 'makes']",truncate
1363,10,65.0,19,though,6,5.5,4.719221302099274,2,so,2,6.52,7.045905151849227,2.9843037128448486,4.240119457244873,-1.2558157444000244,0.06651057407034545,0.1759437088877234,0.10943313481737792,-0.5275423652675432,1.02452885547069e-05,0.5275526105560978,False,"['most', 'particularly', 'especially', 'really', 'so']","['most', 'particularly', 'so', 'especially', 'really']",truncate
1364,10,65.0,19,though,6,5.5,4.719221302099274,3,unpleasant,10,3.8,10.97457889163446,10.353983879089355,9.571223258972168,0.7827606201171875,0.17032708518248874,0.3773340260153849,0.2070069408328962,-0.6586987008343212,1.1468821245049083e-05,0.6587101696555662,False,"['striking', 'remarkable', 'special', 'strange', 'interesting']","['special', 'remarkable', 'important', 'interesting', 'striking']",truncate
1365,10,65.0,19,though,6,5.5,4.719221302099274,4,about,5,6.4,1.028931793952807,0.22212225198745728,0.17348748445510864,0.04863476753234863,0.008629674108359242,0.04347094642200071,0.03484127231364146,-0.813045612698015,2.3702922860762618e-07,0.8130458497272436,False,"['about', 'in', 'of', 'with', 'to']","['about', 'in', 'of', 'with', ',']",truncate
1366,10,65.0,19,though,6,5.5,4.719221302099274,5,all,3,6.52,7.316653024644298,0.653822660446167,0.11052677035331726,0.5432958900928497,0.350613841058211,0.5032277106870797,0.15261386962886875,-5.465195170012112,8.58383759015362e-08,5.465195255850489,False,"['all', 'doing', '...', 'even', 'being']","['all', 'doing', '...', ',', 'saying']",truncate
1367,10,65.0,19,though,6,5.5,4.719221302099274,6,this,4,6.82,1.068575617216416,0.17602990567684174,0.11010060459375381,0.06592930108308792,0.020028364101749362,0.06155760374223476,0.041529239640485396,-1.926910576089406,4.698785553050532e-07,1.9269110459679615,False,"['this', 'that', 'these', 'cases', 'things']","['this', 'that', 'these', 'cases', 'things']",truncate
1368,10,65.0,19,though,6,5.5,4.719221302099274,7,is,2,7.07,8.204936360025501,0.5302504897117615,0.047616880387067795,0.4826336093246937,0.3719771636299657,0.4669648812228293,0.09498771759286354,-3.307642446233329,2.8894883570826806e-06,3.307645335721686,False,"['is', '?', ',', 'was', 'being']","['is', '?', ',', 'in', 'and']",truncate
1369,10,65.0,19,though,6,5.5,4.719221302099274,8,the,3,7.73,4.032598697154909,0.016101272776722908,0.05390714854001999,-0.03780587576329708,0.03481947553290973,0.07133133489379467,0.03651185936088493,-0.5160201759909826,2.423575287128644e-05,0.5160444117438538,False,"['the', 'an', 'this', 'its', 'that']","['the', 'an', 'this', 'that', 'its']",truncate
1370,10,65.0,19,though,6,5.5,4.719221302099274,9,atmosphere,10,4.46,11.08973085456479,8.416312217712402,5.830050945281982,2.58626127243042,0.22250744379675796,0.4027413163817356,0.18023387258497756,-0.46586416334615066,0.01818550668441962,0.4840496700305703,False,"['sense', 'form', 'kind', 'sort', 'system']","['sense', 'form', 'system', 'manner', 'state']",truncate
1371,10,65.0,19,though,6,5.5,4.719221302099274,10,of,2,7.4,2.3370083392645147,0.010023838840425014,0.004743245430290699,0.0052805934101343155,0.002057428173656862,0.005263398912457123,0.0032059707388002595,-2.3142478652871366,2.273102800410548e-08,2.3142478880181643,False,"['of', 'and', 'for', 'or', 'to']","['of', 'and', 'or', 'for', 'to']",truncate
1372,10,65.0,19,though,6,5.5,4.719221302099274,11,blame,5,4.63,13.487923749814938,14.928108215332031,15.34502124786377,-0.4169130325317383,0.14043573738360451,0.3267692761982454,0.18633353881464096,-0.7182912624403821,1.0613920899694493e-05,0.7183018763612816,False,"['war', 'terror', 'violence', 'chaos', 'death']","['war', 'terror', 'violence', 'justice', 'chaos']",truncate
1373,10,65.0,19,though,6,5.5,4.719221302099274,12,in,2,7.27,6.7205832524032445,0.27411890029907227,0.1327635943889618,0.14135530591011047,0.05733020343757361,0.1313467547537136,0.07401655131614003,-2.5816241979936536,1.1737509294063216e-06,2.5816253717445834,False,"['in', 'under', 'within', 'with', 'through']","['in', 'within', 'under', 'through', 'with']",truncate
1374,10,65.0,19,though,6,5.5,4.719221302099274,13,which,5,6.3,4.315448687889257,0.013933253474533558,0.055730558931827545,-0.04179730545729399,0.06394912752756737,0.10548811967356923,0.041538992146001895,1.9787094603349091,1.9982068867515428,0.019497426416633677,False,"['which', 'that', 'how', 'it', '.']","['which', 'that', 'how', 'what', 'whom']",truncate
1375,10,65.0,19,though,6,5.5,4.719221302099274,14,it,2,6.95,3.0013969172287944,0.8622639775276184,1.1347509622573853,-0.27248698472976685,0.22712645539736076,0.44980031699389456,0.2226738615965338,-1.3861078486049736,1.58072623518331e-05,1.3861236558673256,False,"['it', 'justice', 'judgment', 'everything', 'this']","['it', 'this', 'blame', 'justice', 'judgment']",truncate
1376,10,65.0,19,though,6,5.5,4.719221302099274,15,is,2,7.07,1.3081637437765874,0.09023799747228622,0.13525748252868652,-0.0450194850564003,0.017109656374452848,0.05913569741596672,0.042026041041513876,-1.2224536574158946,1.0703217361004772e-05,1.2224643606332555,False,"['is', 'was', 'are', 'were', 'seems']","['is', 'was', 'are', 'being', 'seems']",truncate
1377,10,65.0,19,though,6,5.5,4.719221302099274,16,carried,7,4.77,7.017450162554626,3.983423948287964,1.9154536724090576,2.0679702758789062,0.8418351069538713,1.141949677633548,0.3001145706796766,-0.7771373784120608,9.473444745211284e-05,0.777232112859513,False,"['carried', 'played', 'thrown', 'borne', 'laid']","['laid', 'played', 'written', 'carried', 'set']",truncate
1378,10,65.0,19,though,6,5.5,4.719221302099274,17,out,3,6.38,2.0668413752752377,0.7836339473724365,0.8227286338806152,-0.03909468650817871,0.12231819597391709,0.23281717012015316,0.11049897414623602,-1.1150786201537273,0.012047057805829889,1.1271256779595573,False,"['out', ',', 'on', 'off', 'away']","['out', ',', 'off', 'on', 'away']",truncate
1379,10,65.0,19,though,6,5.5,4.719221302099274,18,as,2,6.77,9.546518476208595,9.607071876525879,6.978127956390381,2.628943920135498,4.960354359739613,5.003020778926676,0.042666419187064715,1.207724045773399,1.3620983067769117,0.15437426100351326,False,"[',', '.', '-', ';', 'as']","['here', '...', '.', 'today', 'properly']",truncate
1380,10,65.0,20,getting,7,5.57,15.245505538097532,0,what,4,6.38,0.0,0.0007063336670398712,0.0005458042141981423,0.00016052945284172893,2.3516858322981476e-05,0.0001607746741020815,0.00013725781577909998,-0.3335185875923959,4.5593921157735384e-08,0.3335186331863171,False,"['what', 'whatever', 'which', 'that', 'something']","['what', 'whatever', 'which', 'that', 'something']",truncate
1381,10,65.0,20,getting,7,5.57,15.245505538097532,1,is,2,7.07,5.067392613495786,0.0077264211140573025,0.008138948120176792,-0.00041252700611948967,9.121312769202843e-05,0.0007130186693871499,0.0006218055416951214,-0.10967073750060924,2.492936719531664e-06,0.1096732304373288,False,"['is', 'seems', 'becomes', 'gets', 'makes']","['is', 'seems', 'gets', 'becomes', 'makes']",truncate
1382,10,65.0,20,getting,7,5.57,15.245505538097532,2,so,2,6.52,7.045905151849227,3.0957224369049072,3.9102725982666016,-0.8145501613616943,0.036393106956521516,0.13516235405815247,0.09876924710163094,-0.06927796937063824,3.302383500553619e-06,0.06928127175413881,False,"['most', 'particularly', 'especially', 'really', 'so']","['most', 'particularly', 'so', 'really', 'especially']",truncate
1383,10,65.0,20,getting,7,5.57,15.245505538097532,3,unpleasant,10,3.8,10.97457889163446,9.793842315673828,9.892248153686523,-0.09840583801269531,0.02157096000683307,0.11907503330808025,0.09750407330124719,-0.2594625587818738,9.683452040913036e-07,0.2594635271270778,False,"['striking', 'remarkable', 'special', 'interesting', 'strange']","['striking', 'special', 'remarkable', 'strange', 'interesting']",truncate
1384,10,65.0,20,getting,7,5.57,15.245505538097532,4,about,5,6.4,1.028931793952807,0.15578117966651917,0.1632756143808365,-0.007494434714317322,0.000893586191423448,0.010609782390787513,0.009716196199364062,-0.1666606559610036,1.0924942292038416e-05,0.16667158090329562,False,"['about', 'in', 'of', 'with', 'to']","['about', 'in', 'of', 'with', ',']",truncate
1385,10,65.0,20,getting,7,5.57,15.245505538097532,5,all,3,6.52,7.316653024644298,0.09276282042264938,0.11329246312379837,-0.020529642701148987,0.005999737393747607,0.028738462204195424,0.022738724810447825,0.3190792427352411,0.32502505623111805,0.005945813495877111,False,"['all', 'doing', 'even', '...', 'being']","['all', 'doing', 'even', '...', 'being']",truncate
1386,10,65.0,20,getting,7,5.57,15.245505538097532,6,this,4,6.82,1.068575617216416,0.09514793753623962,0.09484054148197174,0.0003073960542678833,0.001789384706285141,0.009264646073477446,0.007475261367192305,0.21650568437219486,0.2183862950685413,0.0018806106963464258,False,"['this', 'that', 'these', 'cases', 'things']","['this', 'that', 'these', 'cases', 'things']",truncate
1387,10,65.0,20,getting,7,5.57,15.245505538097532,7,is,2,7.07,8.204936360025501,0.26853904128074646,0.0709410160779953,0.19759802520275116,0.10611608002048363,0.18840904150564564,0.082292961485162,-1.8039403223561181,5.968222527250018e-09,1.8039403283243407,False,"['is', '?', ',', 'was', ':']","['is', '?', ',', '-', 'in']",truncate
1388,10,65.0,20,getting,7,5.57,15.245505538097532,8,the,3,7.73,4.032598697154909,0.03551969677209854,0.0713496133685112,-0.03582991659641266,0.020717078198989415,0.05525262809356633,0.03453554989457694,0.6137085105873477,0.6137086402558252,1.2966847774859893e-07,False,"['the', 'an', 'this', 'its', 'that']","['the', 'an', 'this', 'that', 'its']",truncate
1389,10,65.0,20,getting,7,5.57,15.245505538097532,9,atmosphere,10,4.46,11.08973085456479,6.251499176025391,6.20755672454834,0.04394245147705078,0.05244405797337795,0.19348660684716737,0.14104254887378945,0.514627996497295,0.5146306181975691,2.6217002740746483e-06,False,"['sense', 'form', 'kind', 'sort', 'amount']","['sense', 'form', 'kind', 'sort', 'amount']",truncate
1390,10,65.0,20,getting,7,5.57,15.245505538097532,10,of,2,7.4,2.3370083392645147,0.006535503081977367,0.006522114388644695,1.3388693332672119e-05,0.00019473134171988401,0.0008158036968957565,0.0006210723551758726,0.5782033716707289,0.578203797628125,4.25957396057874e-07,False,"['of', 'and', 'for', 'or', 'to']","['of', 'and', 'for', 'or', 'to']",truncate
1391,10,65.0,20,getting,7,5.57,15.245505538097532,11,blame,5,4.63,13.487923749814938,14.830778121948242,15.264643669128418,-0.4338655471801758,0.025810288397871757,0.1236877638216552,0.09787747542378343,0.32383130646075553,0.32404410029076713,0.00021279383001149827,False,"['war', 'terror', 'violence', 'chaos', 'death']","['war', 'terror', 'violence', 'death', 'chaos']",truncate
1392,10,65.0,20,getting,7,5.57,15.245505538097532,12,in,2,7.27,6.7205832524032445,0.15818633139133453,0.14769376814365387,0.010492563247680664,0.016443361225187178,0.040565496750844185,0.024122135525656997,2.0173807648831956,2.0173813028574643,5.379742687542609e-07,False,"['in', 'under', 'within', 'with', 'through']","['in', 'under', 'within', 'with', 'through']",truncate
1393,10,65.0,20,getting,7,5.57,15.245505538097532,13,which,5,6.3,4.315448687889257,0.05456420034170151,0.043372947722673416,0.011191252619028091,0.0019373319112517887,0.010884028152621081,0.00894669624136929,-0.17174380325697275,4.486891343058456e-07,0.171744251946107,False,"['which', 'that', 'how', 'it', '.']","['which', 'that', 'how', 'it', 'fact']",truncate
1394,10,65.0,20,getting,7,5.57,15.245505538097532,14,it,2,6.95,3.0013969172287944,0.7127865552902222,1.2796889543533325,-0.5669023990631104,0.20096325699738882,0.4731933450395448,0.272230088042156,0.8967430026510979,0.8967432848069534,2.8215585570899954e-07,False,"['it', 'justice', 'blame', 'judgment', 'everything']","['it', 'everything', 'justice', 'this', 'judgment']",truncate
1395,10,65.0,20,getting,7,5.57,15.245505538097532,15,is,2,7.07,1.3081637437765874,0.22587300837039948,0.16266512870788574,0.06320787966251373,0.01107666091265291,0.05868075099098636,0.047604090078333446,-0.20830519922609128,3.1100888177381546e-06,0.20830830931490904,False,"['is', 'was', 'are', 'were', 'be']","['is', 'was', 'are', 'were', 'seems']",truncate
1396,10,65.0,20,getting,7,5.57,15.245505538097532,16,carried,7,4.77,7.017450162554626,1.8096829652786255,1.9957281351089478,-0.18604516983032227,0.06474865870192127,0.2185433871106555,0.15379472840873415,0.34170625377332176,0.34170675144260587,4.97669284080625e-07,False,"['carried', 'played', 'thrown', 'borne', 'laid']","['carried', 'played', 'thrown', 'laid', 'borne']",truncate
1397,10,65.0,20,getting,7,5.57,15.245505538097532,17,out,3,6.38,2.0668413752752377,0.47055038809776306,0.7524601221084595,-0.2819097340106964,0.13904578984692872,0.3285052691407854,0.1894594792938567,2.3219582236690246,2.321958567580646,3.4391162147874585e-07,False,"['out', ',', 'on', 'away', 'off']","['out', 'off', 'on', ',', 'away']",truncate
1398,10,65.0,20,getting,7,5.57,15.245505538097532,18,as,2,6.77,9.546518476208595,16.34967041015625,0.9252229928970337,15.424447417259216,8.768530799196581,9.2811313058111,0.5126005066145155,6.989568071010176,6.989570571031762,2.5000215858003598e-06,False,"['as', ',', '.', '-', ';']","[',', '-', '...', ';', '.']",truncate
1399,10,65.0,20,getting,7,5.57,15.245505538097532,19,though,6,5.5,4.719221302099274,10.352520942687988,8.033699035644531,2.318821907043457,3.0309815818942227,3.2279496651669697,0.1969680832727467,4.846721262576665,4.846736741855159,1.547927849398344e-05,False,"['well', 'a', 'in', 'to', 'if']","['well', 'punishment', 'intended', 'such', 'usual']",truncate
1400,10,65.0,21,older,5,4.92,12.239302688206067,0,what,4,6.38,0.0,0.0006595322047360241,0.0005196532001718879,0.00013987900456413627,1.6994238247803122e-05,0.0001398311925253922,0.00012283695427758902,-0.21920499818993602,7.279493736790774e-09,0.21920500546942973,False,"['what', 'whatever', 'which', 'that', 'something']","['what', 'whatever', 'which', 'that', 'something']",truncate
1401,10,65.0,21,older,5,4.92,12.239302688206067,1,is,2,7.07,5.067392613495786,0.009163121692836285,0.008426601998507977,0.0007365196943283081,6.463449329561656e-05,0.0007327336864287894,0.0006680991931331728,-0.3428584312218989,8.881546833233722e-09,0.34285844010344574,False,"['is', 'seems', 'gets', 'becomes', 'was']","['is', 'seems', 'gets', 'becomes', 'feels']",truncate
1402,10,65.0,21,older,5,4.92,12.239302688206067,2,so,2,6.52,7.045905151849227,3.5366828441619873,4.068000316619873,-0.5313174724578857,0.016421460865545655,0.09341371471204916,0.07699225384650353,-0.2116909868474322,3.337436187886351e-07,0.211691320591051,False,"['most', 'particularly', 'especially', 'really', 'so']","['most', 'particularly', 'especially', 'so', 'really']",truncate
1403,10,65.0,21,older,5,4.92,12.239302688206067,3,unpleasant,10,3.8,10.97457889163446,9.679605484008789,9.935019493103027,-0.2554140090942383,0.0248891500617609,0.11555939268093302,0.09067024261917213,-0.2793170730159518,2.431404371027454e-07,0.27931731615638894,False,"['striking', 'interesting', 'special', 'remarkable', 'strange']","['striking', 'special', 'remarkable', 'strange', 'interesting']",truncate
1404,10,65.0,21,older,5,4.92,12.239302688206067,4,about,5,6.4,1.028931793952807,0.19206999242305756,0.13508692383766174,0.05698306858539581,0.00954441270652922,0.05194653339993172,0.042402120693402504,-0.12052602266353798,7.624090160324116e-05,0.12060226356514123,False,"['about', 'in', 'of', 'with', ',']","['about', 'in', 'of', 'with', ',']",truncate
1405,10,65.0,21,older,5,4.92,12.239302688206067,5,all,3,6.52,7.316653024644298,0.15691231191158295,0.11954972892999649,0.037362582981586456,0.009101475441115224,0.04023499205844014,0.031133516617324903,-0.6902143906284632,3.5320485182146996e-05,0.6902497111136453,False,"['all', 'doing', 'being', 'even', '...']","['all', 'doing', 'being', 'even', '...']",truncate
1406,10,65.0,21,older,5,4.92,12.239302688206067,6,this,4,6.82,1.068575617216416,0.09237955510616302,0.07565411925315857,0.016725435853004456,0.004793036993365928,0.019921468767871195,0.015128431774505267,-0.4028675079375096,1.3894996222553742e-05,0.40288140293373215,False,"['this', 'that', 'these', 'things', 'cases']","['this', 'that', 'these', 'cases', 'things']",truncate
1407,10,65.0,21,older,5,4.92,12.239302688206067,7,is,2,7.07,8.204936360025501,0.13153290748596191,0.06951142102479935,0.06202148646116257,0.019297738429812004,0.05912697140594634,0.039829232976134346,-0.742777997772877,4.299868205157722e-09,0.7427780020727454,False,"['is', '?', ',', 'was', 'being']","['is', '?', ',', ':', '-']",truncate
1408,10,65.0,21,older,5,4.92,12.239302688206067,8,the,3,7.73,4.032598697154909,0.096895232796669,0.07942651957273483,0.017468713223934174,0.0016916914620628799,0.016535735889276326,0.014844044427213448,-0.21971157124118712,8.506885868359028e-09,0.219711579748073,False,"['the', 'an', 'this', 'its', 'that']","['the', 'an', 'this', 'its', 'that']",truncate
1409,10,65.0,21,older,5,4.92,12.239302688206067,9,atmosphere,10,4.46,11.08973085456479,6.460578441619873,6.085299015045166,0.37527942657470703,0.09737318830355723,0.2565478539750796,0.1591746656715223,-0.20080467338169458,8.056344850901014e-06,0.2008127297265455,False,"['sense', 'form', 'kind', 'sort', 'amount']","['sense', 'form', 'kind', 'amount', 'sort']",truncate
1410,10,65.0,21,older,5,4.92,12.239302688206067,10,of,2,7.4,2.3370083392645147,0.007485324051231146,0.008408783935010433,-0.0009234598837792873,0.00024014975119608444,0.0014540749971905962,0.001213925245994512,0.23358931833963778,0.2445611250746659,0.01097180673502816,False,"['of', 'and', 'for', 'or', 'to']","['of', 'and', 'for', 'or', 'to']",truncate
1411,10,65.0,21,older,5,4.92,12.239302688206067,11,blame,5,4.63,13.487923749814938,15.055736541748047,15.30219841003418,-0.2464618682861328,0.32651932744880885,0.5661007070385026,0.23958137958969364,-1.1934086903395442,1.944887799487053e-05,1.1934281392175392,False,"['war', 'death', 'decay', 'excitement', 'time']","['war', 'being', 'silence', 'freedom', 'death']",truncate
1412,10,65.0,21,older,5,4.92,12.239302688206067,12,in,2,7.27,6.7205832524032445,0.6576401591300964,0.12624378502368927,0.5313963741064072,0.4019981278229087,0.506930510718173,0.10493238289526431,-2.709957901987196,5.491021797902297e-07,2.7099584510893755,False,"['in', 'under', 'with', 'within', ',']","['in', 'into', ',', 'under', 'through']",truncate
1413,10,65.0,21,older,5,4.92,12.239302688206067,13,which,5,6.3,4.315448687889257,0.024673372507095337,0.03400281444191933,-0.00932944193482399,0.003593319495109958,0.014216122440953768,0.010622802945843808,-0.527620316794331,2.6389936765026852e-06,0.5276229557880076,False,"['which', 'that', 'how', 'it', 'where']","['which', 'that', 'how', 'it', 'fact']",truncate
1414,10,65.0,21,older,5,4.92,12.239302688206067,14,it,2,6.95,3.0013969172287944,1.4614237546920776,1.6583654880523682,-0.19694173336029053,0.24373247974499884,0.4571502153965124,0.21341773565151365,-0.848101296115814,7.593077332241183e-05,0.8481772268891365,False,"['it', 'everything', 'blame', 'this', 'justice']","['it', 'justice', 'blame', 'this', 'everything']",truncate
1415,10,65.0,21,older,5,4.92,12.239302688206067,15,is,2,7.07,1.3081637437765874,0.05033712461590767,0.05473925173282623,-0.004402127116918564,0.00035647313935310214,0.005152045052872246,0.004795571913519143,-0.28045422865335545,2.332207041239068e-06,0.2804565608603967,False,"['is', 'was', 'are', 'gets', 'seems']","['is', 'was', 'are', 'gets', 'seems']",truncate
1416,10,65.0,21,older,5,4.92,12.239302688206067,16,carried,7,4.77,7.017450162554626,2.4844794273376465,2.2712552547454834,0.21322417259216309,0.2440099469378495,0.4536797222792932,0.20966977534144368,-0.05130480825032813,8.221467455317793e-05,0.051387022924881315,False,"['carried', 'played', 'coming', 'worked', 'borne']","['carried', 'sent', 'brought', 'played', 'thrown']",truncate
1417,10,65.0,21,older,5,4.92,12.239302688206067,17,out,3,6.38,2.0668413752752377,0.9933260083198547,1.2480093240737915,-0.25468331575393677,0.05794893579477174,0.2141619636883057,0.15621302789353395,0.35370514988247614,0.36260714823107665,0.008901998348600516,False,"['out', 'on', 'away', ',', 'off']","['out', ',', 'off', 'away', 'on']",truncate
1418,10,65.0,21,older,5,4.92,12.239302688206067,18,as,2,6.77,9.546518476208595,0.23843801021575928,0.383452832698822,-0.14501482248306274,0.109264289466526,0.2324164698477346,0.12315218038120865,2.2414721505669,2.2418429704646305,0.0003708198977297353,False,"['as', ',', 'even', '.', '-']","['as', ',', 'even', 'and', '-']",truncate
1419,10,65.0,21,older,5,4.92,12.239302688206067,19,though,6,5.5,4.719221302099274,10.196215629577637,7.1002678871154785,3.095947742462158,5.238985025093533,5.396870357017754,0.1578853319242226,1.270018554083137,1.281237532146475,0.011218978063337931,False,"['people', 'someone', 'children', 'in', 'if']","['is', 'worth', 'a', 'well', 'was']",truncate
1420,10,65.0,21,older,5,4.92,12.239302688206067,20,getting,7,5.57,15.245505538097532,15.274911880493164,4.071242809295654,11.20366907119751,8.712083756892405,8.788291806583269,0.07620804969086235,1.447990207311633,1.4642685272695564,0.01627831995792347,False,"['much', 'centuries', 'growing', 'far', 'getting']","['necessary', 'wrong', 'suicide', 'intended', 'murder']",truncate
1421,10,65.0,22,is,2,7.07,2.4196084644731517,0,what,4,6.38,0.0,0.00048404038534499705,0.0005439116503112018,-5.987126496620476e-05,1.2333890298470116e-05,7.523714015938406e-05,6.290324986091395e-05,0.5281162098631723,0.5281162144991424,4.635970001405997e-09,False,"['what', 'whatever', 'which', 'that', 'something']","['what', 'whatever', 'which', 'that', 'something']",truncate
1422,10,65.0,22,is,2,7.07,2.4196084644731517,1,is,2,7.07,5.067392613495786,0.00844433344900608,0.009636309929192066,-0.0011919764801859856,0.00032714761842061655,0.0015512536779921527,0.001224106059571536,0.7524584268655516,0.7524584268801727,1.4621006751306717e-11,False,"['is', 'seems', 'gets', 'was', 'becomes']","['is', 'seems', 'gets', 'becomes', 'feels']",truncate
1423,10,65.0,22,is,2,7.07,2.4196084644731517,2,so,2,6.52,7.045905151849227,4.025538921356201,3.78037691116333,0.2451620101928711,0.00505083519732627,0.05349882180228338,0.04844798660495712,0.34260629640783413,0.34260629799615033,1.5883162327520083e-09,False,"['most', 'particularly', 'especially', 'really', 'so']","['most', 'particularly', 'especially', 'really', 'so']",truncate
1424,10,65.0,22,is,2,7.07,2.4196084644731517,3,unpleasant,10,3.8,10.97457889163446,10.443755149841309,10.282612800598145,0.16114234924316406,0.011325902404956453,0.07588114483102247,0.06455524242606603,0.3040380479330497,0.3040380531031224,5.170072668633398e-09,False,"['striking', 'special', 'interesting', 'remarkable', 'strange']","['striking', 'special', 'strange', 'interesting', 'remarkable']",truncate
1425,10,65.0,22,is,2,7.07,2.4196084644731517,4,about,5,6.4,1.028931793952807,0.09909763932228088,0.12511909008026123,-0.026021450757980347,0.004673323933661376,0.02853313090440587,0.023859806970744496,1.2659262699207516,1.2659262701191216,1.983698506008656e-10,False,"['about', 'in', 'of', 'with', 'to']","['about', 'in', 'with', 'of', 'to']",truncate
1426,10,65.0,22,is,2,7.07,2.4196084644731517,5,all,3,6.52,7.316653024644298,0.07180885225534439,0.07947058975696564,-0.007661737501621246,0.0017209386421568886,0.011715132435990112,0.009994193793833222,0.9906271066702376,0.990627285603665,1.7893342765252485e-07,False,"['all', 'doing', 'being', 'even', 'al']","['all', 'doing', 'even', 'being', 'al']",truncate
1427,10,65.0,22,is,2,7.07,2.4196084644731517,6,this,4,6.82,1.068575617216416,0.06568733602762222,0.06909125298261642,-0.0034039169549942017,0.0006141405364430757,0.005769100110931286,0.005154959574488209,0.3021102210453636,0.3021105786807986,3.5763543499188296e-07,False,"['this', 'that', 'these', 'things', 'it']","['this', 'that', 'these', 'it', 'cases']",truncate
1428,10,65.0,22,is,2,7.07,2.4196084644731517,7,is,2,7.07,8.204936360025501,0.06908737868070602,0.43119972944259644,-0.3621123507618904,0.3942817653035197,0.662840507156593,0.26855874185307327,3.133012839450476,3.133012840906878,1.456401425865705e-09,False,"['is', '?', ',', ':', '-']","['is', '?', ',', 'was', ':']",truncate
1429,10,65.0,22,is,2,7.07,2.4196084644731517,8,the,3,7.73,4.032598697154909,0.09852946549654007,0.06821378320455551,0.030315682291984558,0.006482039335670448,0.02950878258131637,0.023026743245645933,0.22045545447379813,0.22045751000961475,2.0555358166621603e-06,False,"['the', 'an', 'this', 'its', 'that']","['the', 'an', 'its', 'this', 'that']",truncate
1430,10,65.0,22,is,2,7.07,2.4196084644731517,9,atmosphere,10,4.46,11.08973085456479,5.963210582733154,5.98811149597168,-0.02490091323852539,0.010596567338436405,0.07607299917472607,0.06547643183628966,0.009767340453209757,0.009780739247576857,1.3398794367100456e-05,False,"['form', 'sense', 'kind', 'sort', 'amount']","['sense', 'form', 'kind', 'amount', 'sort']",truncate
1431,10,65.0,22,is,2,7.07,2.4196084644731517,10,of,2,7.4,2.3370083392645147,0.007344003766775131,0.010686064139008522,-0.003342060372233391,0.0008634927345905821,0.00418835285047786,0.003324860115887279,1.3550504519598692,1.3550504527942397,8.343703724408508e-10,False,"['of', 'and', 'or', 'for', 'to']","['of', 'and', 'for', 'or', 'to']",truncate
1432,10,65.0,22,is,2,7.07,2.4196084644731517,11,blame,5,4.63,13.487923749814938,16.25187110900879,15.600669860839844,0.6512012481689453,0.02601589007504232,0.1277087839388863,0.10169289386384399,0.09768366620092828,0.09768655450800001,2.8883070717322044e-06,False,"['youth', 'decay', 'death', 'age', 'life']","['youth', 'age', 'decay', 'death', 'life']",truncate
1433,10,65.0,22,is,2,7.07,2.4196084644731517,12,in,2,7.27,6.7205832524032445,0.10372479259967804,0.11838749051094055,-0.014662697911262512,0.002100270777165243,0.017656962741280684,0.015556691964115443,0.692709088921746,0.6927091841391868,9.521744090254405e-08,False,"['in', 'under', 'with', 'within', 'through']","['in', 'under', 'with', 'within', ',']",truncate
1434,10,65.0,22,is,2,7.07,2.4196084644731517,13,which,5,6.3,4.315448687889257,0.03750435635447502,0.03192273527383804,0.005581621080636978,0.0005811189948502883,0.005657255233574605,0.0050761362387243165,-0.3251655949142579,3.696331282297286e-05,0.325202558227081,False,"['which', 'that', 'how', 'it', 'when']","['which', 'that', 'how', 'it', 'when']",truncate
1435,10,65.0,22,is,2,7.07,2.4196084644731517,14,it,2,6.95,3.0013969172287944,1.8077468872070312,1.8168320655822754,-0.00908517837524414,0.017701362682011293,0.08604774947771206,0.06834638679570076,0.47917944715514316,0.47917961428747013,1.671323269494274e-07,False,"['it', 'blame', 'justice', 'this', 'everything']","['it', 'blame', 'justice', 'abuse', 'punishment']",truncate
1436,10,65.0,22,is,2,7.07,2.4196084644731517,15,is,2,7.07,1.3081637437765874,0.0447806790471077,0.06688325852155685,-0.022102579474449158,0.0049371664112732635,0.026053093119629608,0.021115926708356342,0.36275346508462897,0.3627534745765256,9.491896691386198e-09,False,"['is', 'was', 'are', 'gets', 'were']","['is', 'was', 'are', 'gets', 'seems']",truncate
1437,10,65.0,22,is,2,7.07,2.4196084644731517,16,carried,7,4.77,7.017450162554626,3.0708110332489014,2.7228944301605225,0.3479166030883789,0.1261544775331404,0.2947550000108736,0.16860052247773322,-0.3055486037004693,1.2621781390704964e-06,0.30554986587860833,False,"['carried', 'played', 'brought', 'worked', 'borne']","['carried', 'brought', 'played', 'coming', 'worked']",truncate
1438,10,65.0,22,is,2,7.07,2.4196084644731517,17,out,3,6.38,2.0668413752752377,1.2160015106201172,0.9200078248977661,0.2959936857223511,0.05577152701366137,0.21283314031645992,0.1570616133027985,1.2804919322595862,1.2804927058714626,7.736118762321338e-07,False,"['out', ',', 'on', 'away', 'around']","['out', 'on', 'away', 'around', ',']",truncate
1439,10,65.0,22,is,2,7.07,2.4196084644731517,18,as,2,6.77,9.546518476208595,0.10172402113676071,0.2695572078227997,-0.16783318668603897,0.13762767591845496,0.2771655487758449,0.13953787285739003,4.447952673737987,4.447952713438689,3.970070297195469e-08,False,"['as', ',', 'even', '.', '-']","['as', ',', 'even', '-', '.']",truncate
1440,10,65.0,22,is,2,7.07,2.4196084644731517,19,though,6,5.5,4.719221302099274,7.406200885772705,7.9482855796813965,-0.5420846939086914,0.12054540837967902,0.31037151112821415,0.18982610274853515,1.5319531283301009,1.5319531864953309,5.8165229945645074e-08,False,"['someone', 'people', 'children', 'one', 'you']","['someone', 'people', 'children', 'if', 'one']",truncate
1441,10,65.0,22,is,2,7.07,2.4196084644731517,20,getting,7,5.57,15.245505538097532,3.0446534156799316,2.9173943996429443,0.1272590160369873,0.1411249608916009,0.2990564444771304,0.15793148358552955,0.9133684448673507,0.9133705045191243,2.059651773612356e-06,False,"['much', 'getting', 'centuries', 'growing', 'far']","['much', 'centuries', 'getting', 'growing', 'far']",truncate
1442,10,65.0,22,is,2,7.07,2.4196084644731517,21,older,5,4.92,12.239302688206067,8.225695610046387,8.772724151611328,-0.5470285415649414,0.4933019399230466,0.7596197957352814,0.2663178558122348,-0.21014798556697362,1.0432526447198177e-06,0.21014902881961836,False,"['killed', 'married', 'drunk', 'caught', 'away']","['drunk', 'caught', 'killed', 'done', 'nowhere']",truncate
1443,10,65.0,23,a,1,7.36,2.6160512039308883,0,what,4,6.38,0.0,0.0005682565970346332,0.0005511376657523215,1.7118931282311678e-05,1.4225541596358412e-06,2.7809037482586327e-05,2.638648332295049e-05,-0.06504894723500196,4.595306490765699e-06,0.06505354254149275,False,"['what', 'whatever', 'which', 'that', 'something']","['what', 'whatever', 'which', 'that', 'something']",truncate
1444,10,65.0,23,a,1,7.36,2.6160512039308883,1,is,2,7.07,5.067392613495786,0.009807118214666843,0.010831957682967186,-0.0010248394683003426,0.00016924938064552338,0.0014832151650593147,0.0013139657844137918,0.04618115189746469,0.05018433849080534,0.004003186593340651,False,"['is', 'seems', 'gets', 'becomes', 'was']","['is', 'seems', 'gets', 'was', 'becomes']",truncate
1445,10,65.0,23,a,1,7.36,2.6160512039308883,2,so,2,6.52,7.045905151849227,3.4768407344818115,4.091287136077881,-0.6144464015960693,0.018102245616581043,0.09517750110210423,0.0770752554855232,0.1638078554379981,0.16534284364771903,0.001534988209720963,False,"['most', 'particularly', 'especially', 'really', 'so']","['most', 'particularly', 'really', 'especially', 'so']",truncate
1446,10,65.0,23,a,1,7.36,2.6160512039308883,3,unpleasant,10,3.8,10.97457889163446,10.382810592651367,10.372197151184082,0.010613441467285156,0.01271231561122629,0.08749356128199937,0.07478124567077309,0.03628504297711095,0.03925804108002619,0.002972998102915242,False,"['striking', 'remarkable', 'special', 'interesting', 'strange']","['striking', 'special', 'strange', 'interesting', 'remarkable']",truncate
1447,10,65.0,23,a,1,7.36,2.6160512039308883,4,about,5,6.4,1.028931793952807,0.11213850229978561,0.15461666882038116,-0.04247816652059555,0.008168122702149703,0.04694581265644554,0.03877768995429585,0.7244828411527582,0.7244829400024755,9.8849717343408e-08,False,"['about', 'in', 'of', 'with', ',']","['about', 'in', 'with', 'of', ',']",truncate
1448,10,65.0,23,a,1,7.36,2.6160512039308883,5,all,3,6.52,7.316653024644298,0.07884886860847473,0.10631360858678818,-0.027464739978313446,0.006200061116902836,0.03219113482004543,0.025991073703142586,0.489144173323695,0.48916443141381255,2.0258090117614395e-05,False,"['all', 'doing', 'being', '...', 'even']","['all', 'doing', 'being', 'even', '...']",truncate
1449,10,65.0,23,a,1,7.36,2.6160512039308883,6,this,4,6.82,1.068575617216416,0.0765119194984436,0.07502072304487228,0.0014911964535713196,0.0013803112640904723,0.005084710325009403,0.0037043990609189306,-0.05718872932044942,0.004279960335841853,0.06146868965629127,False,"['this', 'that', 'these', 'things', 'it']","['this', 'that', 'these', 'it', 'life']",truncate
1450,10,65.0,23,a,1,7.36,2.6160512039308883,7,is,2,7.07,8.204936360025501,0.5283504724502563,0.49950867891311646,0.028841793537139893,0.004596008805691089,0.03053145211719931,0.02593544331150821,-0.353542004396145,6.089128650985866e-06,0.353548093524796,False,"['is', '?', ',', '-', ':']","['is', '?', ',', '-', ':']",truncate
1451,10,65.0,23,a,1,7.36,2.6160512039308883,8,the,3,7.73,4.032598697154909,0.07564088702201843,0.07360373437404633,0.002037152647972107,0.0010279553725453193,0.006817678648376587,0.005789723275831265,0.21559629339452552,0.21587136987260522,0.0002750764780797461,False,"['the', 'an', 'this', 'its', 'that']","['the', 'an', 'this', 'its', 'that']",truncate
1452,10,65.0,23,a,1,7.36,2.6160512039308883,9,atmosphere,10,4.46,11.08973085456479,6.343466758728027,6.053164005279541,0.29030275344848633,0.012010390507044454,0.08663182510491634,0.07462143459787186,0.16058459328322786,0.16058769885052496,3.1055672970782542e-06,False,"['form', 'sense', 'kind', 'sort', 'amount']","['sense', 'form', 'kind', 'sort', 'amount']",truncate
1453,10,65.0,23,a,1,7.36,2.6160512039308883,10,of,2,7.4,2.3370083392645147,0.011410477571189404,0.011692369356751442,-0.0002818917855620384,0.00014233769865705195,0.0008178691628898723,0.0006755314642328201,1.0002874521547727,1.0002970665760529,9.614421279713742e-06,False,"['of', 'and', 'or', 'for', 'to']","['of', 'and', 'for', 'or', 'to']",truncate
1454,10,65.0,23,a,1,7.36,2.6160512039308883,11,blame,5,4.63,13.487923749814938,15.83456802368164,15.418365478515625,0.4162025451660156,0.10103421807699448,0.2620246621871749,0.16099044411018046,0.13855565077323265,0.13856987926765307,1.4228494420447424e-05,False,"['youth', 'age', 'death', 'decay', 'life']","['age', 'youth', 'death', 'decay', 'life']",truncate
1455,10,65.0,23,a,1,7.36,2.6160512039308883,12,in,2,7.27,6.7205832524032445,0.11154834181070328,0.11646734923124313,-0.004919007420539856,0.006775700032587269,0.021576488969935533,0.01480078893734826,-1.2760053064043948,5.205399860343504e-07,1.2760058269443808,False,"['in', 'under', 'within', 'with', 'through']","['in', 'under', 'within', 'with', ',']",truncate
1456,10,65.0,23,a,1,7.36,2.6160512039308883,13,which,5,6.3,4.315448687889257,0.0502377487719059,0.04195154085755348,0.008286207914352417,0.0010998814238962745,0.00805048451846429,0.006950603094568016,-0.5861457683852221,1.0812905319391274e-09,0.5861457694665126,False,"['which', 'that', 'how', 'it', 'when']","['which', 'that', 'how', 'it', 'when']",truncate
1457,10,65.0,23,a,1,7.36,2.6160512039308883,14,it,2,6.95,3.0013969172287944,1.2592072486877441,1.4996669292449951,-0.24045968055725098,0.030401848203445273,0.14665359133660272,0.11625174313315745,0.20114264924440398,0.20118839993529986,4.575069089591999e-05,False,"['it', 'blame', 'everything', 'this', 'justice']","['it', 'blame', 'everything', 'this', 'justice']",truncate
1458,10,65.0,23,a,1,7.36,2.6160512039308883,15,is,2,7.07,1.3081637437765874,0.026768425479531288,0.027908485382795334,-0.0011400599032640457,0.0008813644316587759,0.003343955402422904,0.0024625909707641277,-0.5027021048051663,5.166087917248683e-07,0.502702621413958,False,"['is', 'was', 'are', 'gets', 'seems']","['is', 'was', 'are', 'gets', 'seems']",truncate
1459,10,65.0,23,a,1,7.36,2.6160512039308883,16,carried,7,4.77,7.017450162554626,3.1105501651763916,2.6200685501098633,0.4904816150665283,0.05195004193041199,0.193777218226326,0.141827176295914,-0.23874586924170668,0.0007756690023426357,0.2395215382440493,False,"['played', 'carried', 'worked', 'borne', 'brought']","['played', 'carried', 'worked', 'brought', 'borne']",truncate
1460,10,65.0,23,a,1,7.36,2.6160512039308883,17,out,3,6.38,2.0668413752752377,0.8712015151977539,0.8373396396636963,0.03386187553405762,0.014163331238830167,0.07922304049817319,0.06505970925934303,0.8032746389735911,0.8032887086620691,1.4069688478111293e-05,False,"['out', ',', 'on', 'around', 'about']","['out', ',', 'on', 'around', 'about']",truncate
1461,10,65.0,23,a,1,7.36,2.6160512039308883,18,as,2,6.77,9.546518476208595,1.7984483242034912,1.7128534317016602,0.08559489250183105,0.086857762984819,0.23775472848361906,0.15089696549880002,1.1228814997303824,1.1229590552390394,7.75555086566472e-05,False,"[',', 'as', '.', 'even', '-']","[',', 'as', '.', 'even', '-']",truncate
1462,10,65.0,23,a,1,7.36,2.6160512039308883,19,though,6,5.5,4.719221302099274,6.979694843292236,5.829404354095459,1.1502904891967773,1.5517338410019046,1.7601814292455282,0.2084475882436239,3.2478107959375544,3.247870365273912,5.9569336357101045e-05,False,"['someone', 'if', 'people', 'children', 'the']","['what', 'if', 'the', 'someone', 'when']",truncate
1463,10,65.0,23,a,1,7.36,2.6160512039308883,20,getting,7,5.57,15.245505538097532,4.953994274139404,2.327054262161255,2.6269400119781494,0.8610285081787197,1.266472810008545,0.4054443018298254,1.6869906110125992,1.6870017935493873,1.1182536788019242e-05,False,"['getting', 'someone', 'something', 'the', 'being']","['something', 'the', 'everything', 'being', 'anything']",truncate
1464,10,65.0,23,a,1,7.36,2.6160512039308883,21,older,5,4.92,12.239302688206067,8.87109661102295,9.168615341186523,-0.2975187301635742,0.05488212623824116,0.18791878968118186,0.13303666344294074,-0.0937920162376775,0.013459049651526594,0.1072510658892041,False,"['killed', 'married', 'out', 'away', 'sick']","['killed', 'out', 'married', 'away', 'caught']",truncate
1465,10,65.0,23,a,1,7.36,2.6160512039308883,22,is,2,7.07,2.4196084644731517,11.007271766662598,10.839000701904297,0.16827106475830078,5.941523917095201,5.996316209500887,0.05479229240568713,6.276771002135871,6.277189881565104,0.00041887942923487956,False,"['.', ';', '...', ',', ""'""]","['again', 'himself', 'somehow', 'too', 'themselves']",truncate
1466,10,65.0,24,lifestyle,9,4.29,11.693408686018646,0,what,4,6.38,0.0,0.0007369618397206068,0.0007049571140669286,3.200472565367818e-05,9.718277638188631e-06,6.815002882149431e-05,5.843175118330569e-05,-0.12810130017090257,1.591591106319068e-05,0.12811721608196575,False,"['what', 'whatever', 'which', 'that', 'it']","['what', 'whatever', 'which', 'that', 'something']",truncate
1467,10,65.0,24,lifestyle,9,4.29,11.693408686018646,1,is,2,7.07,5.067392613495786,0.011276226490736008,0.012611066922545433,-0.0013348404318094254,0.00010740999428307508,0.0014984686281329321,0.0013910586338498573,0.15883258208259785,0.15970454734097614,0.0008719652583783348,False,"['is', 'seems', 'gets', 'becomes', 'was']","['is', 'seems', 'gets', 'becomes', 'was']",truncate
1468,10,65.0,24,lifestyle,9,4.29,11.693408686018646,2,so,2,6.52,7.045905151849227,3.819666862487793,4.3890910148620605,-0.5694241523742676,0.010016268693735904,0.06050235325937302,0.0504860845656371,-0.1339298770831509,5.853989040011178e-05,0.13398841697355102,False,"['most', 'particularly', 'especially', 'really', 'more']","['most', 'particularly', 'especially', 'really', 'so']",truncate
1469,10,65.0,24,lifestyle,9,4.29,11.693408686018646,3,unpleasant,10,3.8,10.97457889163446,10.269393920898438,10.50949478149414,-0.24010086059570312,0.00977801832281825,0.07354872506737883,0.06377070674456059,-0.039727502162105084,5.0417799515030876e-05,0.03977791996162011,False,"['striking', 'interesting', 'special', 'remarkable', 'strange']","['striking', 'special', 'interesting', 'strange', 'remarkable']",truncate
1470,10,65.0,24,lifestyle,9,4.29,11.693408686018646,4,about,5,6.4,1.028931793952807,0.1425967961549759,0.17545072734355927,-0.032853931188583374,0.00858018168016212,0.03767586197203693,0.029095680291874794,0.4530551926760661,0.453055813172058,6.204959919097945e-07,False,"['about', 'in', 'with', 'of', 'is']","['about', 'in', 'with', 'of', ',']",truncate
1471,10,65.0,24,lifestyle,9,4.29,11.693408686018646,5,all,3,6.52,7.316653024644298,0.14481984078884125,0.26985475420951843,-0.12503491342067719,0.05267239366309568,0.15760658657305399,0.10493419290995831,0.6240421581797501,0.6240520193357485,9.86115599856546e-06,False,"['all', 'doing', 'being', '...', 'even']","['all', 'doing', 'being', 'even', '...']",truncate
1472,10,65.0,24,lifestyle,9,4.29,11.693408686018646,6,this,4,6.82,1.068575617216416,0.07970593869686127,0.10801739990711212,-0.028311461210250854,0.005963942014409332,0.03249382846975877,0.02652988645534943,0.28678407453477256,0.2880552840012771,0.0012712094665045745,False,"['this', 'that', 'these', 'things', 'life']","['this', 'that', 'these', 'it', 'things']",truncate
1473,10,65.0,24,lifestyle,9,4.29,11.693408686018646,7,is,2,7.07,8.204936360025501,0.5976531505584717,0.1433711051940918,0.4542820453643799,0.24807167251889536,0.4116045874289016,0.16353291491000635,-1.3113359722183417,3.15127346183037e-07,1.311336287345688,False,"['is', '?', ',', '-', ':']","['is', '?', ',', '-', 'and']",truncate
1474,10,65.0,24,lifestyle,9,4.29,11.693408686018646,8,the,3,7.73,4.032598697154909,0.06602927297353745,0.09058699011802673,-0.02455771714448929,0.006819712352877943,0.03185436072219127,0.025034648369313333,0.2704406735524353,0.27044422537019575,3.5518177603747304e-06,False,"['the', 'an', 'this', 'its', 'that']","['the', 'an', 'this', 'its', 'that']",truncate
1475,10,65.0,24,lifestyle,9,4.29,11.693408686018646,9,atmosphere,10,4.46,11.08973085456479,6.360240936279297,5.92731237411499,0.43292856216430664,0.03508771025897598,0.14417709190113473,0.10908938164215878,0.006335310663714476,0.031066747240418607,0.024731436576704128,False,"['form', 'sense', 'kind', 'amount', 'sort']","['sense', 'form', 'kind', 'amount', 'sort']",truncate
1476,10,65.0,24,lifestyle,9,4.29,11.693408686018646,10,of,2,7.4,2.3370083392645147,0.014289717189967632,0.0239646527916193,-0.009674935601651669,0.0030315534126587754,0.012560393700481414,0.009528840287822641,-0.057002545319525956,0.00045275315354229825,0.05745529847306826,False,"['of', 'and', 'or', 'for', 'to']","['of', 'and', 'or', 'for', 'to']",truncate
1477,10,65.0,24,lifestyle,9,4.29,11.693408686018646,11,blame,5,4.63,13.487923749814938,15.103668212890625,15.419197082519531,-0.31552886962890625,0.0936950419884529,0.2574213803852064,0.16372633839675355,-0.1499490359898985,7.806432335144945e-05,0.15002710031324998,False,"['life', 'youth', 'death', 'age', 'decay']","['youth', 'age', 'death', 'life', 'decay']",truncate
1478,10,65.0,24,lifestyle,9,4.29,11.693408686018646,12,in,2,7.27,6.7205832524032445,0.11373230814933777,0.1151319146156311,-0.001399606466293335,0.0015359894619241565,0.008918399359406273,0.007382409897482113,-0.19444574343641605,0.00010507631193470507,0.1945508197483508,False,"['in', 'under', 'within', 'with', 'through']","['in', 'under', 'within', 'with', ',']",truncate
1479,10,65.0,24,lifestyle,9,4.29,11.693408686018646,13,which,5,6.3,4.315448687889257,0.0438862144947052,0.052747610956430435,-0.008861396461725235,0.0012751199307199912,0.010453242851192765,0.009178122920472776,-0.16045731397923949,0.0002892561016308105,0.16074657008087026,False,"['which', 'that', 'how', 'it', 'where']","['which', 'that', 'how', 'it', 'when']",truncate
1480,10,65.0,24,lifestyle,9,4.29,11.693408686018646,14,it,2,6.95,3.0013969172287944,1.760732889175415,1.4842548370361328,0.2764780521392822,0.04421426089036682,0.17555471003479758,0.1313404491444308,-0.3499536294296839,2.0464382337009908e-05,0.3499740938120209,False,"['it', 'blame', 'everything', 'this', 'life']","['it', 'blame', 'everything', 'justice', 'this']",truncate
1481,10,65.0,24,lifestyle,9,4.29,11.693408686018646,15,is,2,7.07,1.3081637437765874,0.0291067436337471,0.028955044224858284,0.00015169940888881683,0.00013692199368892872,0.0010781893935401902,0.0009412673998512618,-0.5621038597894905,1.6817958582732818e-06,0.5621055415853488,False,"['is', 'was', 'are', 'gets', 'seems']","['is', 'was', 'are', 'gets', 'seems']",truncate
1482,10,65.0,24,lifestyle,9,4.29,11.693408686018646,16,carried,7,4.77,7.017450162554626,2.7846028804779053,2.1344943046569824,0.6501085758209229,0.054073395555839204,0.1822459021985036,0.12817250664266433,-0.64334178587482,5.924229024218636e-07,0.6433423782977225,False,"['carried', 'played', 'worked', 'borne', 'pointed']","['played', 'carried', 'worked', 'pointed', 'spoken']",truncate
1483,10,65.0,24,lifestyle,9,4.29,11.693408686018646,17,out,3,6.38,2.0668413752752377,0.7709249258041382,0.43135449290275574,0.33957043290138245,0.10203593307712751,0.25183653590234323,0.14980060282521573,-2.099031351208248,1.3094268933149272e-07,2.099031482150936,False,"['out', ',', 'on', 'around', 'away']","['out', ',', 'around', 'on', 'off']",truncate
1484,10,65.0,24,lifestyle,9,4.29,11.693408686018646,18,as,2,6.77,9.546518476208595,2.5910489559173584,1.6265363693237305,0.9645125865936279,0.2274597961757694,0.4836428805970756,0.2561830844213064,-1.1032050194854957,0.00035009659368736055,1.1035551160791826,False,"['as', ',', 'even', '.', '-']","[',', '.', 'as', 'even', '-']",truncate
1485,10,65.0,24,lifestyle,9,4.29,11.693408686018646,19,though,6,5.5,4.719221302099274,5.6750807762146,3.3471438884735107,2.327936887741089,1.4259755411082107,1.553160545401203,0.12718500429299212,-1.5685577549181458,3.663812980705334e-05,1.5685943930479527,False,"['if', 'though', 'to', 'the', 'in']","['if', 'people', 'someone', 'children', 'the']",truncate
1486,10,65.0,24,lifestyle,9,4.29,11.693408686018646,20,getting,7,5.57,15.245505538097532,2.836249828338623,1.2830290794372559,1.5532207489013672,1.0375310949878185,1.3983912693169278,0.36086017432910916,-1.0324280656137768,2.11227926261735e-05,1.0324491884064035,False,"['getting', 'being', 'growing', 'something', 'the']","['someone', 'the', 'getting', 'something', 'being']",truncate
1487,10,65.0,24,lifestyle,9,4.29,11.693408686018646,21,older,5,4.92,12.239302688206067,9.25488567352295,8.729485511779785,0.5254001617431641,0.5392171187990591,0.8196667550056991,0.28044963620663993,-1.177006468673237,6.656993792129925e-05,1.1770730386111585,False,"['married', 'killed', 'rich', 'sick', 'drunk']","['killed', 'married', 'out', 'away', 'revenge']",truncate
1488,10,65.0,24,lifestyle,9,4.29,11.693408686018646,22,is,2,7.07,2.4196084644731517,7.7983198165893555,1.9768097400665283,5.821510076522827,4.938469867197278,5.090925748017866,0.15245588082058548,-5.2549372232511375,0.0006257437278512127,5.25556296697899,False,"['is', 'in', 'becomes', ',', 'into']","['.', '...', ',', ':', 'than']",truncate
1489,10,65.0,24,lifestyle,9,4.29,11.693408686018646,23,a,1,7.36,2.6160512039308883,13.683658599853516,0.9125869870185852,12.77107161283493,10.999862701239547,11.097827986205258,0.09796528496571444,0.7881427734111671,0.9090757299596298,0.1209329565484626,False,"['a', 'the', 'their', 'our', 'his']","['impossible', 'inevitable', 'wrong', 'necessary', 'pointless']",truncate
1490,10,65.0,25,choice,6,5.08,0.9964249582791739,0,what,4,6.38,0.0,0.00047509430442005396,0.0005194811383262277,-4.4386833906173706e-05,5.643649939999564e-06,5.2621215321669196e-05,4.6977565381669624e-05,0.11938506903206586,0.11956654754579066,0.00018147851372480488,False,"['what', 'whatever', 'which', 'that', 'something']","['what', 'whatever', 'which', 'that', 'something']",truncate
1491,10,65.0,25,choice,6,5.08,0.9964249582791739,1,is,2,7.07,5.067392613495786,0.010209155268967152,0.010510215535759926,-0.0003010602667927742,7.271828537684786e-05,0.0006668153008600868,0.0005940970154832391,0.21731944271838755,0.21762687488651627,0.00030743216812872064,False,"['is', 'seems', 'gets', 'becomes', 'was']","['is', 'seems', 'gets', 'becomes', 'was']",truncate
1492,10,65.0,25,choice,6,5.08,0.9964249582791739,2,so,2,6.52,7.045905151849227,4.430028915405273,4.798390865325928,-0.3683619499206543,0.008190124279877703,0.05361655297343455,0.045426428693556856,0.12635238072230878,0.1266154704225734,0.0002630897002646233,False,"['most', 'particularly', 'especially', 'really', 'more']","['most', 'particularly', 'especially', 'really', 'more']",truncate
1493,10,65.0,25,choice,6,5.08,0.9964249582791739,3,unpleasant,10,3.8,10.97457889163446,10.935879707336426,11.298798561096191,-0.3629188537597656,0.013002238015399086,0.08515587293732645,0.07215363492192735,0.15636795277001997,0.15647666675125502,0.00010871398123502543,False,"['striking', 'interesting', 'special', 'different', 'remarkable']","['striking', 'interesting', 'special', 'strange', 'remarkable']",truncate
1494,10,65.0,25,choice,6,5.08,0.9964249582791739,4,about,5,6.4,1.028931793952807,0.09805060178041458,0.12264256179332733,-0.02459196001291275,0.0029178369554699398,0.0255063450150056,0.022588508059535658,0.3382359978893499,0.3382359985079033,6.185534379803551e-10,False,"['about', 'in', 'with', 'of', ',']","['about', 'in', 'with', 'of', ',']",truncate
1495,10,65.0,25,choice,6,5.08,0.9964249582791739,5,all,3,6.52,7.316653024644298,0.19613681733608246,0.280874639749527,-0.08473782241344452,0.017669132175381484,0.087752605970843,0.07008347379546147,0.733450057206167,0.7334500664669548,9.26078774134345e-09,False,"['all', 'doing', 'being', 'having', 'drinking']","['all', 'doing', 'being', 'even', 'having']",truncate
1496,10,65.0,25,choice,6,5.08,0.9964249582791739,6,this,4,6.82,1.068575617216416,0.11147384345531464,0.10936471074819565,0.002109132707118988,0.002842846529063038,0.010939036202218217,0.008096189673155181,0.14834281924364962,0.14834401342560036,1.1941819507388456e-06,False,"['this', 'that', 'these', 'life', 'it']","['this', 'that', 'these', 'life', 'it']",truncate
1497,10,65.0,25,choice,6,5.08,0.9964249582791739,7,is,2,7.07,8.204936360025501,0.08648709952831268,0.07290638983249664,0.01358070969581604,0.0027439242255213594,0.01640653708659664,0.01366261286107528,-0.21298451251398798,7.535546019298695e-07,0.21298526606858992,False,"['is', '?', ',', 'was', '-']","['is', '?', ',', '-', ':']",truncate
1498,10,65.0,25,choice,6,5.08,0.9964249582791739,8,the,3,7.73,4.032598697154909,0.094788558781147,0.09161296486854553,0.003175593912601471,0.0002641280190932987,0.0029983724114969355,0.0027342443924036368,0.08832151836284761,0.0884711483404788,0.0001496299776311798,False,"['the', 'an', 'this', 'its', 'that']","['the', 'an', 'this', 'its', 'that']",truncate
1499,10,65.0,25,choice,6,5.08,0.9964249582791739,9,atmosphere,10,4.46,11.08973085456479,6.006505012512207,5.679072856903076,0.32743215560913086,0.03131746514824025,0.12282721377105361,0.09150974862281337,0.09901894761741495,0.09902465591300788,5.708295592917513e-06,False,"['form', 'sense', 'amount', 'level', 'kind']","['form', 'sense', 'kind', 'amount', 'sort']",truncate
1500,10,65.0,25,choice,6,5.08,0.9964249582791739,10,of,2,7.4,2.3370083392645147,0.02213071659207344,0.024787794798612595,-0.002657078206539154,0.00017975765249929522,0.0028004697946387223,0.0026207121421394277,0.17561288811664352,0.1757718669086392,0.00015897879199566767,False,"['of', 'and', 'or', 'for', 'to']","['of', 'and', 'or', 'for', 'to']",truncate
1501,10,65.0,25,choice,6,5.08,0.9964249582791739,11,blame,5,4.63,13.487923749814938,16.228334426879883,16.389135360717773,-0.16080093383789062,0.04487785611119087,0.1784353181290156,0.13355746201782473,-0.020766400564104642,0.0014119038974617828,0.02217830446156643,False,"['life', 'youth', 'society', 'death', 'age']","['life', 'youth', 'society', 'death', 'age']",truncate
1502,10,65.0,25,choice,6,5.08,0.9964249582791739,12,in,2,7.27,6.7205832524032445,0.10155609995126724,0.11719287931919098,-0.015636779367923737,0.001889755618046521,0.01631517539057189,0.014425419772525368,0.08058804253043038,0.08092026638451527,0.0003322238540848943,False,"['in', 'under', 'within', 'with', 'through']","['in', 'under', 'within', 'with', 'through']",truncate
1503,10,65.0,25,choice,6,5.08,0.9964249582791739,13,which,5,6.3,4.315448687889257,0.06134709715843201,0.06166207417845726,-0.0003149770200252533,0.0001033934641194056,0.0012474197118978606,0.001144026247778455,-0.03829678793119906,2.1263264165636373e-06,0.038298914257615634,False,"['which', 'that', 'how', 'it', 'where']","['which', 'that', 'how', 'it', 'where']",truncate
1504,10,65.0,25,choice,6,5.08,0.9964249582791739,14,it,2,6.95,3.0013969172287944,1.76473069190979,2.032151937484741,-0.26742124557495117,0.0796814559807938,0.22643123233304605,0.1467497763522522,-0.01491790606725642,0.0023680935480976115,0.01728599961535403,False,"['it', 'blame', 'abuse', 'suicide', 'this']","['it', 'blame', 'life', 'suicide', 'everything']",truncate
1505,10,65.0,25,choice,6,5.08,0.9964249582791739,15,is,2,7.07,1.3081637437765874,0.022928697988390923,0.023908263072371483,-0.0009795650839805603,3.3978864230883986e-05,0.0011112019905786315,0.0010772231263477474,0.0076269272244303766,0.007955610956172157,0.00032868373174177673,False,"['is', 'was', 'are', 'gets', 'seems']","['is', 'was', 'are', 'gets', 'seems']",truncate
1506,10,65.0,25,choice,6,5.08,0.9964249582791739,16,carried,7,4.77,7.017450162554626,1.6344292163848877,2.08693528175354,-0.45250606536865234,0.050975807335575676,0.19247447888047045,0.14149867154489482,-0.014753896882250527,0.0007894596212357237,0.01554335650348625,False,"['carried', 'played', 'worked', 'spoken', 'pointed']","['carried', 'played', 'worked', 'laid', 'spoken']",truncate
1507,10,65.0,25,choice,6,5.08,0.9964249582791739,17,out,3,6.38,2.0668413752752377,0.4223109781742096,0.3960266709327698,0.02628430724143982,0.0035723968111130606,0.02984395833822484,0.026271561527111777,0.15469304983515852,0.15475324514495326,6.019530979473321e-05,False,"['out', ',', 'on', 'around', 'about']","['out', ',', 'on', 'around', 'about']",truncate
1508,10,65.0,25,choice,6,5.08,0.9964249582791739,18,as,2,6.77,9.546518476208595,0.8283489942550659,1.0886348485946655,-0.2602858543395996,0.04603051917583936,0.1957429889754552,0.14971246979961575,-0.5578271404379769,0.002169832935303108,0.5599969733732801,False,"['as', ',', 'even', '.', '-']","['as', ',', 'even', '.', '-']",truncate
1509,10,65.0,25,choice,6,5.08,0.9964249582791739,19,though,6,5.5,4.719221302099274,3.1593077182769775,2.7927844524383545,0.36652326583862305,0.028671713793286303,0.06749025645024444,0.038818542656958104,-2.0762845478698293,1.980850236441604e-07,2.0762847459548532,False,"['if', 'though', 'to', 'well', 'in']","['if', 'though', 'to', 'in', 'the']",truncate
1510,10,65.0,25,choice,6,5.08,0.9964249582791739,20,getting,7,5.57,15.245505538097532,1.2636022567749023,1.0735502243041992,0.19005203247070312,0.055739262192008185,0.1433612710515124,0.08762200885950415,-1.243168337001034,3.008626827533473e-07,1.2431686378637168,False,"['getting', 'being', 'growing', 'becoming', 'living']","['getting', 'being', 'growing', 'becoming', 'living']",truncate
1511,10,65.0,25,choice,6,5.08,0.9964249582791739,21,older,5,4.92,12.239302688206067,8.515625,8.441300392150879,0.0743246078491211,0.05329402599010435,0.1792257593913001,0.12593173340119573,-0.2552288115578111,2.273356998698374e-07,0.2552290388935109,False,"['married', 'killed', 'sick', 'drunk', 'rich']","['married', 'killed', 'rich', 'sick', 'drunk']",truncate
1512,10,65.0,25,choice,6,5.08,0.9964249582791739,22,is,2,7.07,2.4196084644731517,2.060333251953125,0.6244667768478394,1.4358664751052856,2.6414746203760275,2.6988820903013955,0.05740746992536895,-2.4419039311031696,1.1436017156155219e-07,2.4419040454633407,False,"['is', 'was', 'were', 'are', 'as']","['is', 'in', 'requires', 'becomes', 'into']",truncate
1513,10,65.0,25,choice,6,5.08,0.9964249582791739,23,a,1,7.36,2.6160512039308883,1.018967628479004,0.07508522272109985,0.943882405757904,0.7619881814478207,0.9005593119362996,0.13857113048847883,-1.2973844988935532,4.5128425472911013e-08,1.2973845440219787,False,"['a', 'the', 'another', 'your', 'their']","['a', 'their', 'our', 'the', 'his']",truncate
1514,10,65.0,25,choice,6,5.08,0.9964249582791739,24,lifestyle,9,4.29,11.693408686018646,11.124988555908203,12.437055587768555,-1.3120670318603516,9.101898342486852,9.163509084498347,0.061610742011495453,1.9374928724540945,1.937497860182597,4.987728502290801e-06,False,"['bad', 'wise', 'good', 'poor', 'terrible']","['sin', 'necessity', 'crime', 'blessing', 'mistake']",truncate
1515,10,65.0,26,made,4,5.92,7.5237024834755815,0,what,4,6.38,0.0,0.0004723416641354561,0.0005339329363778234,-6.159127224236727e-05,5.8212571741392695e-06,6.920064234665415e-05,6.337938517251486e-05,0.11707348328188366,0.11709573053680788,2.2247254924203084e-05,False,"['what', 'whatever', 'which', 'that', 'something']","['what', 'whatever', 'which', 'something', 'that']",truncate
1516,10,65.0,26,made,4,5.92,7.5237024834755815,1,is,2,7.07,5.067392613495786,0.010407919995486736,0.01234443485736847,-0.001936514861881733,0.0002535509658500383,0.002332603257489161,0.0020790522916391235,0.31738933093208677,0.3173893347366779,3.80459117836244e-09,False,"['is', 'seems', 'gets', 'becomes', 'feels']","['is', 'seems', 'gets', 'becomes', 'feels']",truncate
1517,10,65.0,26,made,4,5.92,7.5237024834755815,2,so,2,6.52,7.045905151849227,4.622459411621094,4.713640213012695,-0.09118080139160156,0.0016304402437674536,0.025607741121964064,0.02397730087819661,0.15580173039810086,0.15580173606016293,5.662062056507483e-09,False,"['most', 'particularly', 'especially', 'really', 'more']","['most', 'particularly', 'especially', 'really', 'more']",truncate
1518,10,65.0,26,made,4,5.92,7.5237024834755815,3,unpleasant,10,3.8,10.97457889163446,11.65717887878418,11.543217658996582,0.11396121978759766,0.0029325061208880436,0.038569811301598055,0.035637305180710004,0.04372400006430904,0.043846299986808224,0.00012229992249918154,False,"['striking', 'interesting', 'special', 'unique', 'different']","['striking', 'interesting', 'special', 'unique', 'different']",truncate
1519,10,65.0,26,made,4,5.92,7.5237024834755815,4,about,5,6.4,1.028931793952807,0.08635316789150238,0.10829953849315643,-0.021946370601654053,0.0028649650425160425,0.02322568097102495,0.020360715928508907,0.5120056133172606,0.5120056141561827,8.389222676344663e-10,False,"['about', 'in', 'with', 'of', 'to']","['about', 'in', 'with', 'of', 'to']",truncate
1520,10,65.0,26,made,4,5.92,7.5237024834755815,5,all,3,6.52,7.316653024644298,0.2696801722049713,0.2743406295776367,-0.004660457372665405,0.002205262353757076,0.015153503613707096,0.012948241259950019,0.5028501703699086,0.5028503203906702,1.5002076164249728e-07,False,"['all', 'doing', 'being', 'having', '...']","['all', 'doing', 'being', 'having', 'eating']",truncate
1521,10,65.0,26,made,4,5.92,7.5237024834755815,6,this,4,6.82,1.068575617216416,0.10934802144765854,0.10077881067991257,0.008569210767745972,0.0012021944795163634,0.00986393927015186,0.008661744790635495,-0.08010473975606223,4.15128425474955e-05,0.08014625259860973,False,"['this', 'that', 'these', 'life', 'cases']","['this', 'that', 'these', 'life', 'age']",truncate
1522,10,65.0,26,made,4,5.92,7.5237024834755815,7,is,2,7.07,8.204936360025501,0.09254073351621628,0.09266103804111481,-0.00012030452489852905,0.00024167910853027818,0.0021771275008525765,0.0019354483923222983,0.26403226333868457,0.2641759751800729,0.00014371184138840224,False,"['is', '?', ',', '-', 'was']","['is', '?', ',', '-', 'was']",truncate
1523,10,65.0,26,made,4,5.92,7.5237024834755815,8,the,3,7.73,4.032598697154909,0.08253886550664902,0.07710976898670197,0.005429096519947052,0.00024478240436508463,0.0052997030558056425,0.005054920651440557,0.08541245682477154,0.08546753721158193,5.508038681040288e-05,False,"['the', 'an', 'this', 'its', 'that']","['the', 'an', 'this', 'its', 'that']",truncate
1524,10,65.0,26,made,4,5.92,7.5237024834755815,9,atmosphere,10,4.46,11.08973085456479,5.919618129730225,5.461885452270508,0.4577326774597168,0.016288983288824197,0.0886900894818083,0.07240110619298412,0.08935562411500213,0.0893808943340466,2.5270219044450208e-05,False,"['form', 'sense', 'amount', 'kind', 'level']","['sense', 'form', 'amount', 'level', 'kind']",truncate
1525,10,65.0,26,made,4,5.92,7.5237024834755815,10,of,2,7.4,2.3370083392645147,0.024401003494858742,0.021778246387839317,0.0026227571070194244,0.00019956751538088973,0.002631426368659211,0.0024318588532783207,0.031883137713904976,0.03351244941173971,0.0016293116978347364,False,"['of', 'and', 'or', 'for', 'to']","['of', 'and', 'or', 'for', 'to']",truncate
1526,10,65.0,26,made,4,5.92,7.5237024834755815,11,blame,5,4.63,13.487923749814938,16.03296661376953,16.19069480895996,-0.1577281951904297,0.023455098919105816,0.12050281378804761,0.0970477148689418,-0.08551731680208202,1.9305067860955134e-06,0.08551924730886813,False,"['life', 'youth', 'society', 'death', 'age']","['life', 'youth', 'society', 'death', 'isolation']",truncate
1527,10,65.0,26,made,4,5.92,7.5237024834755815,12,in,2,7.27,6.7205832524032445,0.11008510738611221,0.11467674374580383,-0.00459163635969162,0.0002116895775210376,0.0049992478761316725,0.004787558298610635,0.16084163433762164,0.16087050559285881,2.887125523720645e-05,False,"['in', 'under', 'within', 'with', 'through']","['in', 'under', 'within', 'with', 'through']",truncate
1528,10,65.0,26,made,4,5.92,7.5237024834755815,13,which,5,6.3,4.315448687889257,0.07246335595846176,0.0616200715303421,0.01084328442811966,0.001087204336437226,0.010704456208792752,0.009617251872355521,-0.014538144502769126,3.9454444629354776e-07,0.01453853904721542,False,"['which', 'that', 'how', 'it', 'where']","['which', 'that', 'how', 'it', 'where']",truncate
1529,10,65.0,26,made,4,5.92,7.5237024834755815,14,it,2,6.95,3.0013969172287944,2.1384284496307373,2.1265933513641357,0.011835098266601562,0.037475154373334554,0.1411820013182559,0.10370684694492133,0.027352265482890308,0.027353489484355935,1.2240014656303623e-06,False,"['it', 'blame', 'suicide', 'abuse', 'everything']","['it', 'suicide', 'blame', 'abuse', 'life']",truncate
1530,10,65.0,26,made,4,5.92,7.5237024834755815,15,is,2,7.07,1.3081637437765874,0.02345012128353119,0.022288599982857704,0.0011615213006734848,6.565598563066077e-05,0.0013722642950875193,0.0013066083094568591,0.031757319395833095,0.03187281822020179,0.00011549882436869891,False,"['is', 'was', 'are', 'gets', 'seems']","['is', 'was', 'are', 'gets', 'seems']",truncate
1531,10,65.0,26,made,4,5.92,7.5237024834755815,16,carried,7,4.77,7.017450162554626,2.8826558589935303,3.13954758644104,-0.25689172744750977,0.01866324913740543,0.10877904137139467,0.09011579223398923,-0.034377985173277406,9.590514726324572e-08,0.03437808107842465,False,"['played', 'carried', 'pointed', 'spoken', 'worked']","['played', 'carried', 'pointed', 'worked', 'spoken']",truncate
1532,10,65.0,26,made,4,5.92,7.5237024834755815,17,out,3,6.38,2.0668413752752377,0.3232073485851288,0.3557535409927368,-0.03254619240760803,0.004460398938865126,0.038168660978537015,0.03370826203967189,0.6792220448900901,0.6792220965846215,5.169453155285811e-08,False,"['out', ',', 'around', 'on', 'about']","['out', ',', 'around', 'on', 'about']",truncate
1533,10,65.0,26,made,4,5.92,7.5237024834755815,18,as,2,6.77,9.546518476208595,0.8668932318687439,0.9632225632667542,-0.09632933139801025,0.004147905659690297,0.053773226926755464,0.04962532126706519,0.26531890185649504,0.26539472749144266,7.582563494766259e-05,False,"['as', ',', 'even', '.', '-']","['as', ',', 'even', '-', '.']",truncate
1534,10,65.0,26,made,4,5.92,7.5237024834755815,19,though,6,5.5,4.719221302099274,3.095391273498535,2.871058464050293,0.2243328094482422,0.011162905682527077,0.0694478216139252,0.058284915931398146,0.3662246207529489,0.366224647103847,2.6350898022451068e-08,False,"['if', 'though', 'well', 'to', 'when']","['if', 'though', 'to', 'when', 'well']",truncate
1535,10,65.0,26,made,4,5.92,7.5237024834755815,20,getting,7,5.57,15.245505538097532,0.8848434686660767,1.0159623622894287,-0.13111889362335205,0.01644533419315991,0.0926964648781236,0.0762511306849637,0.6897047820772036,0.6897048863488306,1.042716271799883e-07,False,"['getting', 'growing', 'being', 'becoming', 'going']","['getting', 'growing', 'being', 'becoming', 'living']",truncate
1536,10,65.0,26,made,4,5.92,7.5237024834755815,21,older,5,4.92,12.239302688206067,7.840492248535156,7.880984306335449,-0.04049205780029297,0.008102904207166443,0.05267169256835218,0.04456878836118574,-0.08716565893503811,7.181821049198852e-08,0.0871657307532486,False,"['married', 'pregnant', 'divorced', 'drunk', 'sick']","['married', 'pregnant', 'drunk', 'sick', 'divorced']",truncate
1537,10,65.0,26,made,4,5.92,7.5237024834755815,22,is,2,7.07,2.4196084644731517,0.7320850491523743,0.6347314119338989,0.09735363721847534,0.007973589062540809,0.06507269337354502,0.05709910431100417,0.8459412526321134,0.8459415697908117,3.1715869819502685e-07,False,"['is', 'was', 'were', 'are', 'as']","['is', 'was', 'were', 'are', 'as']",truncate
1538,10,65.0,26,made,4,5.92,7.5237024834755815,23,a,1,7.36,2.6160512039308883,0.1351771056652069,0.05063937231898308,0.08453773334622383,0.046302851915872245,0.08212215674569766,0.035819304829825406,-0.9404080142687478,2.134696323093582e-08,0.9404080356157111,False,"['a', 'the', 'another', 'no', 'their']","['a', 'the', 'your', 'another', 'their']",truncate
1539,10,65.0,26,made,4,5.92,7.5237024834755815,24,lifestyle,9,4.29,11.693408686018646,12.508508682250977,12.260452270507812,0.24805641174316406,0.35257397992105727,0.600263542222844,0.2476895623017867,0.5275456172562919,0.528282479178756,0.0007368619224639553,False,"['bad', 'wise', 'natural', 'good', 'conscious']","['wise', 'bad', 'good', 'poor', 'logical']",truncate
1540,10,65.0,26,made,4,5.92,7.5237024834755815,25,choice,6,5.08,0.9964249582791739,3.476130962371826,8.296445846557617,-4.820314884185791,7.81659696839682,7.967046801490248,0.15044983309342708,2.37740130744824,2.378701960821372,0.001300653373131793,False,"['being', 'well', 'better', 'simply', 'not']","['requirement', 'choice', 'thing', 'issue', 'option']",truncate
1541,10,65.0,27,by,2,6.66,1.0755304266739252,0,what,4,6.38,0.0,0.0005199972656555474,0.0005933761713095009,-7.337890565395355e-05,1.1810000366385337e-05,9.683857586769151e-05,8.502857550130618e-05,0.2168917527960208,0.21689180510836994,5.231234919199162e-08,False,"['what', 'whatever', 'which', 'that', 'something']","['what', 'whatever', 'which', 'that', 'something']",truncate
1542,10,65.0,27,by,2,6.66,1.0755304266739252,1,is,2,7.07,5.067392613495786,0.012037442065775394,0.012880266644060612,-0.0008428245782852173,0.00015013550265756046,0.0013714524496241413,0.0012213169469665807,0.3719197085586,0.37191971314578964,4.587189646085522e-09,False,"['is', 'seems', 'gets', 'becomes', 'feels']","['is', 'seems', 'gets', 'feels', 'becomes']",truncate
1543,10,65.0,27,by,2,6.66,1.0755304266739252,2,so,2,6.52,7.045905151849227,4.412205219268799,4.742040157318115,-0.3298349380493164,0.003697985998515366,0.0367764174198368,0.03307843142132145,0.29045178171916686,0.2904518017609114,2.0041744537723246e-08,False,"['most', 'particularly', 'especially', 'really', 'more']","['most', 'particularly', 'especially', 'really', 'more']",truncate
1544,10,65.0,27,by,2,6.66,1.0755304266739252,3,unpleasant,10,3.8,10.97457889163446,11.495615005493164,11.265271186828613,0.23034381866455078,0.009642106362594882,0.07703149735616927,0.06738939099357438,0.3200454352073673,0.3200454580347179,2.2827350509007402e-08,False,"['striking', 'interesting', 'special', 'unique', 'strange']","['striking', 'interesting', 'special', 'strange', 'different']",truncate
1545,10,65.0,27,by,2,6.66,1.0755304266739252,4,about,5,6.4,1.028931793952807,0.09910648316144943,0.13889917731285095,-0.03979269415140152,0.010661541664020774,0.04767154702682006,0.03701000536279928,1.376252030331377,1.376252031203564,8.72186783722564e-10,False,"['about', 'in', 'with', 'of', ',']","['about', 'in', 'with', 'of', ',']",truncate
1546,10,65.0,27,by,2,6.66,1.0755304266739252,5,all,3,6.52,7.316653024644298,0.26481008529663086,0.31856831908226013,-0.05375823378562927,0.009279605176035684,0.05452812222485037,0.04524851704881468,1.3662809695893725,1.3662810004973949,3.0908023178959624e-08,False,"['all', 'doing', 'being', 'having', '...']","['all', 'doing', 'being', 'having', 'eating']",truncate
1547,10,65.0,27,by,2,6.66,1.0755304266739252,6,this,4,6.82,1.068575617216416,0.08662854135036469,0.08412226289510727,0.0025062784552574158,0.0012004766686365988,0.005879268506968202,0.004678791838331603,0.23237855477648417,0.23237920237650875,6.476000245477446e-07,False,"['this', 'that', 'these', 'life', 'it']","['this', 'that', 'these', 'life', 'it']",truncate
1548,10,65.0,27,by,2,6.66,1.0755304266739252,7,is,2,7.07,8.204936360025501,0.16659554839134216,0.17173738777637482,-0.005141839385032654,0.001370440252990675,0.01098180610214697,0.009611365849156296,0.26306731537013395,0.263132855466253,6.554009611904066e-05,False,"['is', '?', ',', '-', ':']","['is', '?', ',', '-', ':']",truncate
1549,10,65.0,27,by,2,6.66,1.0755304266739252,8,the,3,7.73,4.032598697154909,0.07511221617460251,0.06948209553956985,0.005630120635032654,0.0002811597727575221,0.005594427959806488,0.0053132681870489635,0.40682479468886,0.40682481014340194,1.5454541969958357e-08,False,"['the', 'an', 'this', 'its', 'that']","['the', 'an', 'this', 'its', 'that']",truncate
1550,10,65.0,27,by,2,6.66,1.0755304266739252,9,atmosphere,10,4.46,11.08973085456479,5.906455993652344,5.537256240844727,0.3691997528076172,0.023658935517873972,0.1091031392318795,0.08544420371400552,0.23681441607995246,0.23681454436499796,1.2828504554449487e-07,False,"['sense', 'form', 'amount', 'level', 'kind']","['sense', 'form', 'amount', 'level', 'kind']",truncate
1551,10,65.0,27,by,2,6.66,1.0755304266739252,10,of,2,7.4,2.3370083392645147,0.026282843202352524,0.023921461775898933,0.0023613814264535904,0.00016493344649870227,0.0024914171887344635,0.002326483742235761,0.4146156368353112,0.41461574478251484,1.0794720348021899e-07,False,"['of', 'and', 'or', 'for', 'to']","['of', 'and', 'or', 'for', 'to']",truncate
1552,10,65.0,27,by,2,6.66,1.0755304266739252,11,blame,5,4.63,13.487923749814938,15.973528861999512,15.913402557373047,0.060126304626464844,0.018985389440946417,0.10638683377521019,0.08740144433426375,0.05812956640538874,0.05813016306643182,5.966610430881952e-07,False,"['life', 'youth', 'death', 'society', 'age']","['life', 'youth', 'death', 'society', 'isolation']",truncate
1553,10,65.0,27,by,2,6.66,1.0755304266739252,12,in,2,7.27,6.7205832524032445,0.11785981059074402,0.13036568462848663,-0.012505874037742615,0.0009120154127479084,0.012340546770670589,0.011428531357922683,0.585160208913168,0.5851602095828667,6.696987654892811e-10,False,"['in', 'under', 'within', 'with', 'through']","['in', 'under', 'within', 'with', 'through']",truncate
1554,10,65.0,27,by,2,6.66,1.0755304266739252,13,which,5,6.3,4.315448687889257,0.07928325235843658,0.05199582129716873,0.027287431061267853,0.005899846566800514,0.026375957370530074,0.02047611080372955,-0.4325133592599269,8.776650372544595e-08,0.43251344702643063,False,"['which', 'that', 'how', 'it', 'where']","['which', 'that', 'how', 'it', 'where']",truncate
1555,10,65.0,27,by,2,6.66,1.0755304266739252,14,it,2,6.95,3.0013969172287944,2.1841111183166504,1.9861348867416382,0.1979762315750122,0.04820413592751267,0.17860158754344924,0.1303974516159366,0.3249391911320882,0.3249396194415747,4.2830948645972675e-07,False,"['it', 'blame', 'suicide', 'everything', 'abuse']","['it', 'suicide', 'blame', 'abuse', 'everything']",truncate
1556,10,65.0,27,by,2,6.66,1.0755304266739252,15,is,2,7.07,1.3081637437765874,0.023831849917769432,0.03423376753926277,-0.01040191762149334,0.00246288696095334,0.012895462213714334,0.010432575252760992,0.6686753762475394,0.6686753767578043,5.102649917110934e-10,False,"['is', 'was', 'are', 'gets', 'seems']","['is', 'was', 'are', 'gets', 'seems']",truncate
1557,10,65.0,27,by,2,6.66,1.0755304266739252,16,carried,7,4.77,7.017450162554626,3.1841671466827393,2.9155609607696533,0.26860618591308594,0.0312820489346793,0.14687748706540638,0.11559543813072706,0.0018214113191834353,0.0018350919352968591,1.3680616113424618e-05,False,"['played', 'carried', 'pointed', 'spoken', 'worked']","['played', 'carried', 'worked', 'pointed', 'spoken']",truncate
1558,10,65.0,27,by,2,6.66,1.0755304266739252,17,out,3,6.38,2.0668413752752377,0.36411264538764954,0.3920091688632965,-0.027896523475646973,0.0023303542256058307,0.028820326711523337,0.026489972485917498,0.6645069446012818,0.6645069577796615,1.3178379489046912e-08,False,"['out', ',', 'around', 'on', 'about']","['out', ',', 'around', 'on', 'about']",truncate
1559,10,65.0,27,by,2,6.66,1.0755304266739252,18,as,2,6.77,9.546518476208595,0.7315391302108765,1.3245195150375366,-0.5929803848266602,0.1870830854438089,0.44838493241909483,0.2613018469752861,1.8652487508108326,1.865248773981236,2.3170403518154093e-08,False,"['as', ',', '.', 'even', '-']","['as', ',', 'even', '.', '-']",truncate
1560,10,65.0,27,by,2,6.66,1.0755304266739252,19,though,6,5.5,4.719221302099274,3.8943097591400146,3.3837978839874268,0.5105118751525879,0.033203486831817064,0.11745868369520711,0.08425519686339006,1.7007582452834524,1.7007583713299823,1.2604652996576984e-07,False,"['if', 'though', 'well', 'the', 'to']","['if', 'though', 'when', 'the', 'to']",truncate
1561,10,65.0,27,by,2,6.66,1.0755304266739252,20,getting,7,5.57,15.245505538097532,1.4294557571411133,1.3375675678253174,0.0918881893157959,0.009124742300686444,0.06009014944731652,0.0509654071466301,0.6025129753052767,0.6025134236972522,4.4839197548188273e-07,False,"['getting', 'growing', 'being', 'becoming', 'going']","['getting', 'growing', 'being', 'becoming', 'going']",truncate
1562,10,65.0,27,by,2,6.66,1.0755304266739252,21,older,5,4.92,12.239302688206067,7.976007461547852,7.968754768371582,0.007252693176269531,0.03629246961964409,0.1610275180976484,0.12473504847800422,-0.03717376792093831,0.0004872319187089032,0.037660999839647206,False,"['married', 'pregnant', 'killed', 'divorced', 'sick']","['married', 'pregnant', 'killed', 'sick', 'divorced']",truncate
1563,10,65.0,27,by,2,6.66,1.0755304266739252,22,is,2,7.07,2.4196084644731517,0.9013283848762512,0.9226537346839905,-0.021325349807739258,0.5810545545061236,0.6558662562894854,0.07481170178336172,2.99384058593402,2.993844634693181,4.048759160878327e-06,False,"['is', 'was', ',', '-', '.']","['is', 'was', 'and', 'has', ',']",truncate
1564,10,65.0,27,by,2,6.66,1.0755304266739252,23,a,1,7.36,2.6160512039308883,0.08654407411813736,0.13139952719211578,-0.044855453073978424,0.029787002303854355,0.0784632482879222,0.04867624598406787,0.5469814577410741,0.5469862239144817,4.766173407526969e-06,False,"['a', 'the', 'another', 'some', 'every']","['a', 'the', 'another', 'no', 'their']",truncate
1565,10,65.0,27,by,2,6.66,1.0755304266739252,24,lifestyle,9,4.29,11.693408686018646,14.508661270141602,13.030269622802734,1.4783916473388672,0.14469404927085958,0.3557883534350814,0.2110943041642218,1.0574316661906524,1.0574317630061802,9.681552769475996e-08,False,"['bad', 'conscious', 'deliberate', 'natural', 'wise']","['bad', 'conscious', 'terrible', 'wise', 'difficult']",truncate
1566,10,65.0,27,by,2,6.66,1.0755304266739252,25,choice,6,5.08,0.9964249582791739,8.166512489318848,3.992400646209717,4.174111843109131,1.9381868384723924,2.2547700764612766,0.31658323798888466,4.305986211804003,4.305987006565023,7.94761021490844e-07,False,"['decision', 'choice', 'deliberately', 'being', 'ever']","['being', 'well', 'he', 'custom', 'self']",truncate
1567,10,65.0,27,by,2,6.66,1.0755304266739252,26,made,4,5.92,7.5237024834755815,7.708547115325928,1.8883731365203857,5.820173978805542,4.866083010749227,5.037096123294696,0.17101311254546886,-0.5972104231337853,4.651474201353755e-06,0.5972150746079868,False,"['made', 'dictated', ',', '.', 'followed']","['itself', 'instead', '.', 'too', ')']",truncate
1568,10,65.0,28,lazy,4,4.24,11.514152883887773,0,what,4,6.38,0.0,0.0008260971517302096,0.0007907348917797208,3.5362259950488806e-05,2.117442808547296e-06,4.4470229049957806e-05,4.235278624141052e-05,-0.16610596894180957,2.2093944390942638e-05,0.16612806288620055,False,"['what', 'whatever', 'which', 'that', 'it']","['what', 'whatever', 'which', 'that', 'it']",truncate
1569,10,65.0,28,lazy,4,4.24,11.514152883887773,1,is,2,7.07,5.067392613495786,0.015038970857858658,0.014878662303090096,0.00016030855476856232,1.1484682997008714e-05,0.00026771917959783517,0.0002562344966008264,-0.08737674573778421,6.015562900965013e-05,0.08743690136679386,False,"['is', 'seems', 'gets', 'becomes', 'feels']","['is', 'seems', 'gets', 'becomes', 'feels']",truncate
1570,10,65.0,28,lazy,4,4.24,11.514152883887773,2,so,2,6.52,7.045905151849227,4.176329135894775,4.465595245361328,-0.28926610946655273,0.002683687059448526,0.03253734424641751,0.029853657186968998,-0.09204052786920001,8.579079425351946e-05,0.09212631866345353,False,"['most', 'particularly', 'especially', 'really', 'more']","['most', 'particularly', 'really', 'especially', 'more']",truncate
1571,10,65.0,28,lazy,4,4.24,11.514152883887773,3,unpleasant,10,3.8,10.97457889163446,11.406757354736328,11.705428123474121,-0.29867076873779297,0.004082928231796619,0.04444835062093099,0.04036542238913438,0.01845585260496293,0.02863075456857436,0.010174901963611416,False,"['interesting', 'special', 'striking', 'different', 'unique']","['interesting', 'special', 'striking', 'different', 'strange']",truncate
1572,10,65.0,28,lazy,4,4.24,11.514152883887773,4,about,5,6.4,1.028931793952807,0.14655546844005585,0.14960576593875885,-0.003050297498703003,0.00023119890838202816,0.0039935451286101055,0.0037623462202280773,-0.04736602430812917,0.0005401600660171235,0.047906184374146295,False,"['about', 'in', 'with', 'of', ',']","['about', 'in', 'with', 'of', ',']",truncate
1573,10,65.0,28,lazy,4,4.24,11.514152883887773,5,all,3,6.52,7.316653024644298,0.6473996639251709,0.5460560321807861,0.10134363174438477,0.04696856516913875,0.11943464258381939,0.07246607741468064,-2.0458038682843473,5.9212683245856405e-05,2.0458630809675937,False,"['all', 'doing', 'being', '...', 'having']","['all', 'doing', 'being', '...', '.']",truncate
1574,10,65.0,28,lazy,4,4.24,11.514152883887773,6,this,4,6.82,1.068575617216416,0.09063854068517685,0.10136419534683228,-0.010725654661655426,0.000985364601989886,0.011293555467425866,0.010308190865435978,0.06419946516376823,0.06436558624772896,0.00016612108396074006,False,"['this', 'that', 'these', 'life', 'it']","['this', 'that', 'these', 'life', 'it']",truncate
1575,10,65.0,28,lazy,4,4.24,11.514152883887773,7,is,2,7.07,8.204936360025501,0.27780210971832275,0.16791419684886932,0.10988791286945343,0.026097798918616633,0.09866447661534235,0.07256667769672571,-0.6448046221364484,8.575467039339572e-07,0.6448054796831524,False,"['is', '?', ',', '-', ':']","['is', '?', ',', '-', ':']",truncate
1576,10,65.0,28,lazy,4,4.24,11.514152883887773,8,the,3,7.73,4.032598697154909,0.08182653784751892,0.08315826207399368,-0.001331724226474762,0.0003408994608882496,0.004134987773876087,0.0037940883129878363,-0.0012853404115768122,0.0055224576549406995,0.0068077980665175114,False,"['the', 'an', 'this', 'its', 'that']","['the', 'an', 'this', 'its', 'that']",truncate
1577,10,65.0,28,lazy,4,4.24,11.514152883887773,9,atmosphere,10,4.46,11.08973085456479,5.730571746826172,5.803256511688232,-0.07268476486206055,0.017500402934802886,0.10122720156993963,0.08372679863513673,-0.1902212141390141,1.0471646036890146e-05,0.19023168578505095,False,"['form', 'sense', 'amount', 'kind', 'level']","['sense', 'form', 'amount', 'kind', 'level']",truncate
1578,10,65.0,28,lazy,4,4.24,11.514152883887773,10,of,2,7.4,2.3370083392645147,0.03637891262769699,0.04274161159992218,-0.006362698972225189,0.0006516108949961041,0.00682904019266032,0.006177429297664217,0.18347785344564263,0.18347853740508646,6.839594438152484e-07,False,"['of', 'and', 'or', 'for', 'to']","['of', 'and', 'or', 'for', 'to']",truncate
1579,10,65.0,28,lazy,4,4.24,11.514152883887773,11,blame,5,4.63,13.487923749814938,15.667845726013184,15.88204574584961,-0.21420001983642578,0.017118681638504833,0.10083185531724624,0.0837131736787414,-0.27461807985557257,7.002028132366743e-05,0.2746881001368963,False,"['life', 'youth', 'society', 'death', 'age']","['life', 'youth', 'society', 'death', 'age']",truncate
1580,10,65.0,28,lazy,4,4.24,11.514152883887773,12,in,2,7.27,6.7205832524032445,0.2300669550895691,0.18739855289459229,0.04266840219497681,0.004949311141364977,0.03749131413671234,0.03254200299534738,-0.2731021927187621,4.2960475808239246e-05,0.2731451531945704,False,"['in', 'under', 'with', 'within', 'through']","['in', 'under', 'within', 'with', 'through']",truncate
1581,10,65.0,28,lazy,4,4.24,11.514152883887773,13,which,5,6.3,4.315448687889257,0.07569408416748047,0.06511370837688446,0.010580375790596008,0.0008298531535159656,0.010216112581815692,0.009386259428299727,-0.53789088707423,2.604416341637722e-05,0.5379169312376463,False,"['which', 'that', 'how', 'it', 'where']","['which', 'that', 'how', 'it', 'where']",truncate
1582,10,65.0,28,lazy,4,4.24,11.514152883887773,14,it,2,6.95,3.0013969172287944,1.6512733697891235,1.8518776893615723,-0.20060431957244873,0.03654436107446138,0.15948870227106896,0.12294434119660766,-0.3767849829008896,6.471354775172187e-05,0.3768496964486412,False,"['it', 'blame', 'suicide', 'everything', 'this']","['it', 'blame', 'life', 'everything', 'suicide']",truncate
1583,10,65.0,28,lazy,4,4.24,11.514152883887773,15,is,2,7.07,1.3081637437765874,0.03868429362773895,0.04234670102596283,-0.003662407398223877,0.00021736876702045882,0.0039281005753096,0.0037107318082891406,-0.11454294311466365,0.00015938036994551176,0.11470232348460915,False,"['is', 'was', 'are', 'gets', 'seems']","['is', 'was', 'are', 'gets', 'seems']",truncate
1584,10,65.0,28,lazy,4,4.24,11.514152883887773,16,carried,7,4.77,7.017450162554626,3.125992774963379,3.1272833347320557,-0.0012905597686767578,0.0033801515628493987,0.03795132436233316,0.03457117279948376,-0.09785810100715747,4.5037844064451975e-05,0.09790313885122194,False,"['played', 'carried', 'pointed', 'spoken', 'worked']","['played', 'carried', 'pointed', 'spoken', 'worked']",truncate
1585,10,65.0,28,lazy,4,4.24,11.514152883887773,17,out,3,6.38,2.0668413752752377,0.45246243476867676,0.44220492243766785,0.010257512331008911,0.0007106098526607362,0.013123551317961842,0.012412941465301105,0.08319604535390193,0.0938322797731725,0.010636234419270571,False,"['out', ',', 'around', 'on', 'off']","['out', ',', 'around', 'on', 'off']",truncate
1586,10,65.0,28,lazy,4,4.24,11.514152883887773,18,as,2,6.77,9.546518476208595,0.8626546859741211,1.144480586051941,-0.2818259000778198,0.02817926352149613,0.15573593103937422,0.12755666751787806,0.33518920518549156,0.33519436007511577,5.15488962419965e-06,False,"['as', ',', '.', 'even', '-']","['as', ',', '.', 'even', '-']",truncate
1587,10,65.0,28,lazy,4,4.24,11.514152883887773,19,though,6,5.5,4.719221302099274,4.122138023376465,3.9240543842315674,0.19808363914489746,0.012846122128050594,0.08112787093141047,0.0682817488033599,0.018310070242612865,0.06567412116338583,0.04736405092077297,False,"['if', 'though', 'the', '.', 'to']","['if', 'though', '.', 'the', 'to']",truncate
1588,10,65.0,28,lazy,4,4.24,11.514152883887773,20,getting,7,5.57,15.245505538097532,0.9900020956993103,1.0936380624771118,-0.10363596677780151,0.008757881519756526,0.071362971334768,0.06260508981501144,-0.9763105916809295,8.294015720171286e-06,0.9763188856966497,False,"['getting', 'being', 'growing', 'becoming', 'the']","['getting', 'being', 'growing', 'becoming', 'the']",truncate
1589,10,65.0,28,lazy,4,4.24,11.514152883887773,21,older,5,4.92,12.239302688206067,7.868442058563232,8.086812019348145,-0.2183699607849121,0.021878637880312298,0.10476420976080496,0.08288557188049267,-0.38976669954316145,0.000128699474794885,0.38989539901795633,False,"['married', 'pregnant', 'killed', 'divorced', 'sick']","['married', 'pregnant', 'killed', 'out', 'divorced']",truncate
1590,10,65.0,28,lazy,4,4.24,11.514152883887773,22,is,2,7.07,2.4196084644731517,0.7068052291870117,0.9772379994392395,-0.2704327702522278,0.04850042427120108,0.19058229525268713,0.142081870981486,0.8087945096872973,0.8088966008327634,0.00010209114546628268,False,"['is', 'was', ',', '-', 'were']","['is', 'was', ',', '-', 'were']",truncate
1591,10,65.0,28,lazy,4,4.24,11.514152883887773,23,a,1,7.36,2.6160512039308883,0.24869388341903687,0.2226381152868271,0.026055768132209778,0.0016402330976244609,0.022525150124807252,0.020884917027182776,0.1022710554383765,0.12314369712908979,0.020872641690713248,False,"['a', 'the', 'another', 'some', 'one']","['a', 'the', 'another', 'some', 'one']",truncate
1592,10,65.0,28,lazy,4,4.24,11.514152883887773,24,lifestyle,9,4.29,11.693408686018646,12.189129829406738,12.040826797485352,0.14830303192138672,0.01785029917258839,0.10636498463369536,0.08851468546110697,0.13022970312649962,0.13052677477229777,0.0002970716457981252,False,"['bad', 'difficult', 'conscious', 'terrible', 'wise']","['bad', 'difficult', 'terrible', 'conscious', 'wise']",truncate
1593,10,65.0,28,lazy,4,4.24,11.514152883887773,25,choice,6,5.08,0.9964249582791739,9.198627471923828,6.8522725105285645,2.3463549613952637,1.5136760582955109,1.714293583726446,0.20061752543093467,3.3009261624733526,3.3046106563490616,0.0036844938757086463,False,"['being', ',', 'usually', 'often', 'entirely']","['being', 'you', 'it', 'he', 'easily']",truncate
1594,10,65.0,28,lazy,4,4.24,11.514152883887773,26,made,4,5.92,7.5237024834755815,7.514014720916748,2.0370562076568604,5.476958513259888,2.91859207131488,3.0846964171214806,0.16610434580659966,3.854144018392458,3.8648711323917797,0.010727113999321258,False,"['made', 'followed', 'driven', 'dictated', 'caused']","['gone', 'lived', 'dictated', 'went', 'going']",truncate
1595,10,65.0,28,lazy,4,4.24,11.514152883887773,27,by,2,6.66,1.0755304266739252,8.559664726257324,1.2704517841339111,7.289212942123413,6.42003074031298,6.48592708059402,0.06589634028103801,7.243924606874389,7.256125626683355,0.012201019808965126,False,"['by', '.', 'for', 'to', ':']","['here', 'up', 'carefully', 'instead', 'today']",truncate
1596,10,65.0,29,women,5,5.57,7.790036689038194,0,what,4,6.38,0.0,0.0006985906511545181,0.0006126462831161916,8.59443680383265e-05,1.25485212096519e-05,9.027388325565089e-05,7.772536204599897e-05,-0.2278995704194839,2.313253469625024e-09,0.22789957273273734,False,"['what', 'whatever', 'which', 'that', 'something']","['what', 'whatever', 'which', 'that', 'something']",truncate
1597,10,65.0,29,women,5,5.57,7.790036689038194,1,is,2,7.07,5.067392613495786,0.012326481752097607,0.012153727933764458,0.00017275381833314896,4.677413924743712e-05,0.0005648895060085653,0.0005181153667611282,-0.007543222253307248,5.170195544028165e-06,0.007548392448851275,False,"['is', 'seems', 'gets', 'becomes', 'feels']","['is', 'seems', 'gets', 'becomes', 'feels']",truncate
1598,10,65.0,29,women,5,5.57,7.790036689038194,2,so,2,6.52,7.045905151849227,4.527509689331055,4.592451095581055,-0.06494140625,0.006609599284382693,0.06311227214323512,0.056502672858852396,-0.0039246401679820025,0.001469379185996078,0.005394019353978079,False,"['most', 'particularly', 'especially', 'really', 'more']","['most', 'particularly', 'especially', 'really', 'more']",truncate
1599,10,65.0,29,women,5,5.57,7.790036689038194,3,unpleasant,10,3.8,10.97457889163446,10.974343299865723,10.760920524597168,0.2134227752685547,0.020980136694705914,0.10910505166875357,0.08812491497404763,-0.13165479118837803,0.0002027692314618695,0.1318575604198399,False,"['striking', 'interesting', 'strange', 'special', 'remarkable']","['interesting', 'striking', 'strange', 'special', 'different']",truncate
1600,10,65.0,29,women,5,5.57,7.790036689038194,4,about,5,6.4,1.028931793952807,0.1206621453166008,0.1263187676668167,-0.005656622350215912,0.00038094068219592786,0.006019944163646585,0.005639003481450654,0.23364567447931256,0.23364746732415417,1.7928448416156508e-06,False,"['about', 'in', 'with', 'of', 'to']","['about', 'in', 'with', 'of', ',']",truncate
1601,10,65.0,29,women,5,5.57,7.790036689038194,5,all,3,6.52,7.316653024644298,0.31605082750320435,0.4196062684059143,-0.10355544090270996,0.026603447870063177,0.10976404163165854,0.08316059376159532,0.7140210647377039,0.7140232526550285,2.1879173248849762e-06,False,"['all', 'doing', 'being', 'eating', 'having']","['all', 'doing', 'eating', 'being', 'having']",truncate
1602,10,65.0,29,women,5,5.57,7.790036689038194,6,this,4,6.82,1.068575617216416,0.10994284600019455,0.08214693516492844,0.027795910835266113,0.007834594817672475,0.02862499186989359,0.020790397052221115,-0.46426751006472927,0.0001679258930984358,0.46443543595782766,False,"['this', 'that', 'these', 'life', 'things']","['this', 'that', 'these', 'life', 'things']",truncate
1603,10,65.0,29,women,5,5.57,7.790036689038194,7,is,2,7.07,8.204936360025501,0.1393755078315735,0.10223392397165298,0.0371415838599205,0.006436097444136932,0.034944864431333045,0.02850876698719612,-0.09433190634561046,1.2307586255292115e-07,0.09433202942147301,False,"['is', '?', ',', ':', '-']","['is', '?', ',', '-', ':']",truncate
1604,10,65.0,29,women,5,5.57,7.790036689038194,8,the,3,7.73,4.032598697154909,0.09072142094373703,0.07906512916088104,0.011656291782855988,0.0012456608885415828,0.01109577291224919,0.009850112023707608,-0.21159198475194016,2.4527381338637084e-07,0.21159223002575356,False,"['the', 'an', 'this', 'its', 'that']","['the', 'an', 'this', 'its', 'that']",truncate
1605,10,65.0,29,women,5,5.57,7.790036689038194,9,atmosphere,10,4.46,11.08973085456479,6.184756278991699,5.902162551879883,0.2825937271118164,0.010299234161876473,0.07125165972082731,0.060952425558950835,-0.02354454319628155,0.0019031284387223072,0.025447671635003853,False,"['sense', 'form', 'amount', 'kind', 'level']","['sense', 'form', 'kind', 'amount', 'level']",truncate
1606,10,65.0,29,women,5,5.57,7.790036689038194,10,of,2,7.4,2.3370083392645147,0.03013160452246666,0.02727651596069336,0.0028550885617733,0.00024012540587288963,0.00301603030067303,0.002775904894800141,-0.3665967288334363,8.503490115056455e-07,0.36659757918244784,False,"['of', 'and', 'for', 'or', 'to']","['of', 'and', 'for', 'or', 'to']",truncate
1607,10,65.0,29,women,5,5.57,7.790036689038194,11,blame,5,4.63,13.487923749814938,14.299152374267578,14.484498023986816,-0.18534564971923828,0.14407238562139058,0.3272938781509975,0.18322149252960687,-0.39243438214103543,4.855372460386504e-06,0.3924392375134957,False,"['poverty', 'life', 'boredom', 'society', 'decay']","['life', 'youth', 'boredom', 'poverty', 'society']",truncate
1608,10,65.0,29,women,5,5.57,7.790036689038194,12,in,2,7.27,6.7205832524032445,0.15303272008895874,0.13352906703948975,0.019503653049468994,0.0017377471062250756,0.018657278546711422,0.01691953144048635,-0.3984288306458338,6.295946100993802e-09,0.3984288369417799,False,"['in', 'under', 'with', 'within', 'through']","['in', 'under', 'with', 'within', 'through']",truncate
1609,10,65.0,29,women,5,5.57,7.790036689038194,13,which,5,6.3,4.315448687889257,0.05722743645310402,0.04422098398208618,0.013006452471017838,0.0018834407915855622,0.012739111426419182,0.01085567063483362,-0.7794309553733617,1.8674477001091581e-06,0.7794328228210617,False,"['which', 'that', 'how', 'it', 'where']","['which', 'that', 'how', 'it', 'where']",truncate
1610,10,65.0,29,women,5,5.57,7.790036689038194,14,it,2,6.95,3.0013969172287944,2.245380163192749,2.161048650741577,0.08433151245117188,0.11466729790031652,0.2666565275728628,0.15198922967254624,-0.18726467794845617,0.0007661279999373494,0.18803080594839353,False,"['it', 'blame', 'everything', 'life', 'suicide']","['it', 'blame', 'life', 'everything', 'punishment']",truncate
1611,10,65.0,29,women,5,5.57,7.790036689038194,15,is,2,7.07,1.3081637437765874,0.03610397130250931,0.03197135031223297,0.004132620990276337,0.00031641190476649214,0.004042075684035079,0.0037256637792685864,-0.3603833807272976,2.3461974885680546e-09,0.36038338307349516,False,"['is', 'was', 'are', 'gets', 'seems']","['is', 'was', 'are', 'gets', 'seems']",truncate
1612,10,65.0,29,women,5,5.57,7.790036689038194,16,carried,7,4.77,7.017450162554626,3.1341466903686523,2.9002225399017334,0.23392415046691895,0.04205201992480733,0.16712320226985586,0.12507118234504858,-0.5457624183377736,2.4532318077281426e-08,0.5457624428700917,False,"['played', 'carried', 'pointed', 'worked', 'spoken']","['played', 'carried', 'worked', 'pointed', 'spoken']",truncate
1613,10,65.0,29,women,5,5.57,7.790036689038194,17,out,3,6.38,2.0668413752752377,0.5739506483078003,0.4724150002002716,0.10153564810752869,0.0122004457791806,0.07610323739966565,0.06390279162048507,0.35000807311505444,0.35009778866774205,8.971555268758494e-05,False,"['out', ',', 'around', 'on', 'about']","['out', ',', 'around', 'on', 'off']",truncate
1614,10,65.0,29,women,5,5.57,7.790036689038194,18,as,2,6.77,9.546518476208595,0.9973037838935852,1.2781031131744385,-0.28079932928085327,0.14882147012741084,0.35431019464770147,0.2054887245202906,1.6768598056520063,1.6768656524120196,5.846760012703144e-06,False,"['as', ',', '.', 'even', '-']","['as', ',', 'even', '.', '-']",truncate
1615,10,65.0,29,women,5,5.57,7.790036689038194,19,though,6,5.5,4.719221302099274,4.670798301696777,4.151196479797363,0.5196018218994141,0.028373249677673847,0.06293360269970484,0.034560353022031004,0.34873501084237046,0.34875732343912064,2.2312596750106553e-05,False,"['if', 'though', 'the', 'well', '.']","['if', 'though', 'the', 'well', 'people']",truncate
1616,10,65.0,29,women,5,5.57,7.790036689038194,20,getting,7,5.57,15.245505538097532,1.32694411277771,1.0675711631774902,0.2593729496002197,0.021296932734685387,0.12615143321271802,0.10485450047803266,0.5366644323102783,0.5366887822296625,2.434991938437851e-05,False,"['getting', 'growing', 'being', 'becoming', 'living']","['getting', 'growing', 'being', 'becoming', 'living']",truncate
1617,10,65.0,29,women,5,5.57,7.790036689038194,21,older,5,4.92,12.239302688206067,8.106867790222168,9.478206634521484,-1.3713388442993164,0.28830511817553456,0.5837920638437321,0.29548694566819744,-0.8592915669882241,5.576808107088971e-07,0.8592921246690349,False,"['married', 'rich', 'lazy', 'paid', 'pregnant']","['married', 'rich', 'lazy', 'sick', 'paid']",truncate
1618,10,65.0,29,women,5,5.57,7.790036689038194,22,is,2,7.07,2.4196084644731517,0.8784772157669067,0.8884444832801819,-0.009967267513275146,0.0024156149542648464,0.022782698403952622,0.020367083449687778,0.40025723731026547,0.4002684572394878,1.1219929222201372e-05,False,"['is', 'was', ',', '-', 'were']","['is', 'was', ',', '-', 'were']",truncate
1619,10,65.0,29,women,5,5.57,7.790036689038194,23,a,1,7.36,2.6160512039308883,0.10001327842473984,0.075882688164711,0.02413059026002884,0.003418741875927822,0.02333915451095458,0.01992041263502676,-0.29798367867656894,2.9252732549902327e-05,0.29801293140911894,False,"['a', 'the', 'another', 'some', 'an']","['a', 'the', 'another', 'some', 'one']",truncate
1620,10,65.0,29,women,5,5.57,7.790036689038194,24,lifestyle,9,4.29,11.693408686018646,10.997127532958984,10.499493598937988,0.4976339340209961,0.09165408046601735,0.2544210408794994,0.16276696041348213,-0.1987141776910773,0.00041899164155470234,0.199133169332632,False,"['bad', 'deliberate', 'conscious', 'stupid', 'terrible']","['bad', 'natural', 'conscious', 'deliberate', 'moral']",truncate
1621,10,65.0,29,women,5,5.57,7.790036689038194,25,choice,6,5.08,0.9964249582791739,8.733314514160156,7.836948394775391,0.8963661193847656,0.17790587631130583,0.3986547008793081,0.22074882456800216,0.025795736287105634,0.027408355067283053,0.0016126187801774187,False,"['being', 'often', 'usually', 'deliberately', 'entirely']","['usually', 'entirely', 'often', 'being', 'always']",truncate
1622,10,65.0,29,women,5,5.57,7.790036689038194,26,made,4,5.92,7.5237024834755815,2.516514778137207,0.6622267961502075,1.8542879819869995,1.4807724538335725,1.6567752079309617,0.17600275409738916,0.2290845971903025,0.24550402777409353,0.016419430583791028,False,"['made', 'preferred', 'used', 'taken', 'favored']","['followed', 'made', 'inspired', 'backed', 'influenced']",truncate
1623,10,65.0,29,women,5,5.57,7.790036689038194,27,by,2,6.66,1.0755304266739252,1.1701831817626953,0.7970021963119507,0.37318098545074463,0.38407944482840684,0.4365595207093071,0.05248007588090028,2.095427300428559,2.099007454114737,0.003580153686178762,False,"['by', 'for', 'to', '.', 'of']","['by', 'for', 'to', 'when', 'too']",truncate
1624,10,65.0,29,women,5,5.57,7.790036689038194,28,lazy,4,4.24,11.514152883887773,16.617313385009766,12.616267204284668,4.001046180725098,7.328965761367391,7.366690018446124,0.03772425707873198,1.3038801542198017,1.3040273846338493,0.00014723041404742516,False,"['the', 'older', 'all', 'many', 'some']","['everyone', 'them', 'women', 'others', 'society']",truncate
1625,10,65.0,30,rather,6,5.32,7.586584865016182,0,what,4,6.38,0.0,0.0005691168480552733,0.0006123021594248712,-4.318531136959791e-05,3.265198650082695e-06,5.287959450777495e-05,4.961439585769225e-05,0.0336058149215197,0.033806946266175364,0.00020113134465564865,False,"['what', 'whatever', 'which', 'that', 'something']","['what', 'whatever', 'which', 'that', 'something']",truncate
1626,10,65.0,30,rather,6,5.32,7.586584865016182,1,is,2,7.07,5.067392613495786,0.011370435357093811,0.011587130837142467,-0.00021669548004865646,2.124688240349835e-05,0.00040697818728881,0.00038573130488531166,-0.040897352914837426,1.482232927340451e-07,0.04089750113813018,False,"['is', 'seems', 'gets', 'becomes', 'feels']","['is', 'seems', 'gets', 'becomes', 'feels']",truncate
1627,10,65.0,30,rather,6,5.32,7.586584865016182,2,so,2,6.52,7.045905151849227,4.5502705574035645,4.3705973625183105,0.1796731948852539,0.0017427493067833839,0.021279308392918868,0.019536559086135483,-0.03655415758257675,3.0416117565608765e-08,0.0365541879986943,False,"['most', 'particularly', 'especially', 'really', 'more']","['most', 'particularly', 'especially', 'really', 'more']",truncate
1628,10,65.0,30,rather,6,5.32,7.586584865016182,3,unpleasant,10,3.8,10.97457889163446,10.938543319702148,10.670720100402832,0.2678232192993164,0.005392676205848057,0.05369138081778676,0.048298704611938706,-0.016410235443873405,0.0002610903770404615,0.01667132582091386,False,"['striking', 'interesting', 'strange', 'special', 'remarkable']","['striking', 'interesting', 'strange', 'special', 'remarkable']",truncate
1629,10,65.0,30,rather,6,5.32,7.586584865016182,4,about,5,6.4,1.028931793952807,0.09323956817388535,0.09396488964557648,-0.0007253214716911316,0.00014702153675267947,0.002145782219568697,0.0019987606828160177,-0.07607727470375143,5.348777761420938e-07,0.07607780958152756,False,"['about', 'in', 'with', 'of', 'to']","['about', 'in', 'with', 'of', 'to']",truncate
1630,10,65.0,30,rather,6,5.32,7.586584865016182,5,all,3,6.52,7.316653024644298,0.2397405505180359,0.26810210943222046,-0.02836155891418457,0.004430885826124227,0.029824136094363032,0.02539325026823881,0.6173963653705211,0.6173963728306592,7.460138149490634e-09,False,"['all', 'doing', 'being', 'having', '...']","['all', 'doing', 'being', 'eating', 'having']",truncate
1631,10,65.0,30,rather,6,5.32,7.586584865016182,6,this,4,6.82,1.068575617216416,0.0679340586066246,0.062314316630363464,0.005619741976261139,0.0004158944804464433,0.005637906315312597,0.005222011834866153,-0.19272977244870218,2.3525505923301663e-08,0.19272979597420808,False,"['this', 'that', 'these', 'women', 'life']","['this', 'that', 'these', 'life', 'it']",truncate
1632,10,65.0,30,rather,6,5.32,7.586584865016182,7,is,2,7.07,8.204936360025501,0.08605265617370605,0.07410351932048798,0.011949136853218079,0.001371640044563706,0.01180993561698856,0.010438295572424856,-0.26417882709375035,1.6221322306401614e-07,0.26417898930697337,False,"['is', '?', ',', 'was', '-']","['is', '?', ',', '-', 'was']",truncate
1633,10,65.0,30,rather,6,5.32,7.586584865016182,8,the,3,7.73,4.032598697154909,0.06633032113313675,0.05902190878987312,0.007308412343263626,0.0004240700674281043,0.007015590062007958,0.006591519994579855,-0.19645905584894488,1.7804145780272514e-09,0.19645905762935947,False,"['the', 'an', 'this', 'its', 'that']","['the', 'an', 'this', 'its', 'that']",truncate
1634,10,65.0,30,rather,6,5.32,7.586584865016182,9,atmosphere,10,4.46,11.08973085456479,6.020379066467285,6.046743869781494,-0.026364803314208984,0.004774535634678125,0.053318556367988296,0.04854402073331018,-0.036310721155115896,0.00013723476396697637,0.03644795591908287,False,"['sense', 'form', 'amount', 'kind', 'level']","['sense', 'form', 'kind', 'amount', 'level']",truncate
1635,10,65.0,30,rather,6,5.32,7.586584865016182,10,of,2,7.4,2.3370083392645147,0.02381794899702072,0.02455012872815132,-0.0007321797311306,9.547745919559807e-05,0.0012977375960981522,0.0012022601369025534,-0.35500385990277683,6.28152240573549e-08,0.35500392271800096,False,"['of', 'and', 'for', 'or', 'to']","['of', 'and', 'for', 'or', 'to']",truncate
1636,10,65.0,30,rather,6,5.32,7.586584865016182,11,blame,5,4.63,13.487923749814938,14.911861419677734,14.743074417114258,0.16878700256347656,0.018946638206044464,0.10120116713153152,0.08225452892548703,-0.16247914853554518,6.722568182190521e-06,0.16248587110372736,False,"['poverty', 'society', 'life', 'boredom', 'decay']","['poverty', 'life', 'society', 'boredom', 'youth']",truncate
1637,10,65.0,30,rather,6,5.32,7.586584865016182,12,in,2,7.27,6.7205832524032445,0.13141366839408875,0.1314762979745865,-6.26295804977417e-05,0.0008814651639945898,0.006145556822461481,0.005264091658466889,-0.2638760341072127,3.18860035103225e-08,0.2638760659932162,False,"['in', 'under', 'with', 'within', 'through']","['in', 'under', 'with', 'within', 'through']",truncate
1638,10,65.0,30,rather,6,5.32,7.586584865016182,13,which,5,6.3,4.315448687889257,0.05736531689763069,0.05531027540564537,0.002055041491985321,0.00015336678743415588,0.0020772247988193305,0.0019238580113851741,-0.5144500375082467,1.750380838957784e-07,0.5144502125463306,False,"['which', 'that', 'how', 'it', 'where']","['which', 'that', 'how', 'it', 'where']",truncate
1639,10,65.0,30,rather,6,5.32,7.586584865016182,14,it,2,6.95,3.0013969172287944,2.0275650024414062,2.0215044021606445,0.006060600280761719,0.011607693413315856,0.07129196976650011,0.05968427635318424,-0.13375087555677176,5.046209116603887e-08,0.13375092601886296,False,"['it', 'blame', 'suicide', 'everything', 'abuse']","['it', 'blame', 'life', 'everything', 'suicide']",truncate
1640,10,65.0,30,rather,6,5.32,7.586584865016182,15,is,2,7.07,1.3081637437765874,0.029888050630688667,0.029521480202674866,0.0003665704280138016,6.314007059515969e-05,0.0010413838788474665,0.000978243808252307,-0.32506410185213314,8.607622198998322e-08,0.3250641879283551,False,"['is', 'was', 'are', 'gets', 'seems']","['is', 'was', 'are', 'gets', 'seems']",truncate
1641,10,65.0,30,rather,6,5.32,7.586584865016182,16,carried,7,4.77,7.017450162554626,2.8576419353485107,2.9301912784576416,-0.07254934310913086,0.023287179246199614,0.10479593913603212,0.0815087598898325,-0.3348267598845754,3.998151173527678e-08,0.33482679986608715,False,"['played', 'carried', 'pointed', 'worked', 'spoken']","['played', 'carried', 'pointed', 'worked', 'spoken']",truncate
1642,10,65.0,30,rather,6,5.32,7.586584865016182,17,out,3,6.38,2.0668413752752377,0.4463857114315033,0.47730836272239685,-0.030922651290893555,0.0037760437395116626,0.03756200349218803,0.03378595975267637,0.051858624924576484,0.051859728729149485,1.1038045730025952e-06,False,"['out', ',', 'around', 'on', 'about']","['out', ',', 'around', 'on', 'about']",truncate
1643,10,65.0,30,rather,6,5.32,7.586584865016182,18,as,2,6.77,9.546518476208595,0.9486934542655945,0.9378774166107178,0.010816037654876709,0.009195047279390606,0.05538700687475925,0.04619195959536865,-0.493690353323212,2.193916318593552e-06,0.49369254723953065,False,"['as', ',', 'even', '-', '.']","['as', ',', 'even', '.', '-']",truncate
1644,10,65.0,30,rather,6,5.32,7.586584865016182,19,though,6,5.5,4.719221302099274,3.8630330562591553,3.326209306716919,0.5368237495422363,0.048987117648582816,0.09949342816796593,0.050506310519383105,-2.012687688412254,2.7607099301926322e-08,2.012687716019353,False,"['if', 'though', 'well', 'when', 'in']","['if', 'though', 'women', 'well', 'the']",truncate
1645,10,65.0,30,rather,6,5.32,7.586584865016182,20,getting,7,5.57,15.245505538097532,1.0385748147964478,1.0200501680374146,0.018524646759033203,0.0005295057498955357,0.012664162614916295,0.012134656865020757,0.03704777227857568,0.03710825628515469,6.048400657899587e-05,False,"['getting', 'growing', 'being', 'becoming', 'living']","['getting', 'growing', 'being', 'becoming', 'living']",truncate
1646,10,65.0,30,rather,6,5.32,7.586584865016182,21,older,5,4.92,12.239302688206067,10.432279586791992,10.28449821472168,0.1477813720703125,0.0045937636210642155,0.028488891707598604,0.02389512808653439,-0.10959665784590837,1.6387501643218425e-07,0.1095968217209248,False,"['married', 'pregnant', 'rich', 'divorced', 'paid']","['married', 'pregnant', 'rich', 'divorced', 'paid']",truncate
1647,10,65.0,30,rather,6,5.32,7.586584865016182,22,is,2,7.07,2.4196084644731517,0.797137975692749,0.6963800191879272,0.10075795650482178,0.09653454876101714,0.1856700363385388,0.0891354875775217,-1.6207564264792176,9.981211739333947e-09,1.6207564364604297,False,"['is', 'was', 'were', ',', 'are']","['is', 'was', ',', '-', 'were']",truncate
1648,10,65.0,30,rather,6,5.32,7.586584865016182,23,a,1,7.36,2.6160512039308883,0.10349371284246445,0.06491473317146301,0.038578979671001434,0.00889061730568116,0.037466641155557034,0.028576023849875894,-0.40969080983945955,4.970943959340825e-08,0.40969085954889906,False,"['a', 'the', 'another', 'some', 'an']","['a', 'the', 'another', 'some', 'one']",truncate
1649,10,65.0,30,rather,6,5.32,7.586584865016182,24,lifestyle,9,4.29,11.693408686018646,9.148748397827148,9.458573341369629,-0.30982494354248047,0.01861791548395447,0.10395462928518662,0.08533671380123213,-0.00938742399590022,0.0004870588297258703,0.009874482825626089,False,"['bad', 'deliberate', 'conscious', 'terrible', 'foolish']","['bad', 'moral', 'terrible', 'poor', 'natural']",truncate
1650,10,65.0,30,rather,6,5.32,7.586584865016182,25,choice,6,5.08,0.9964249582791739,7.905727863311768,7.654508113861084,0.2512197494506836,0.0065464602711120595,0.052641081172362485,0.04609462090125042,-0.014298429553787686,3.059827591784675e-05,0.01432902782970553,False,"['often', 'usually', 'being', 'deliberately', 'always']","['often', 'usually', 'being', 'deliberately', 'always']",truncate
1651,10,65.0,30,rather,6,5.32,7.586584865016182,26,made,4,5.92,7.5237024834755815,0.8207560181617737,0.6759538054466248,0.14480221271514893,0.012742761870576519,0.0915289873291326,0.07878622545855607,-0.16000828766353448,1.412876900418347e-09,0.16000828907641135,False,"['made', 'preferred', 'favored', 'used', 'taken']","['made', 'preferred', 'favored', 'used', 'taken']",truncate
1652,10,65.0,30,rather,6,5.32,7.586584865016182,27,by,2,6.66,1.0755304266739252,1.2336400747299194,1.0392025709152222,0.19443750381469727,0.011456207166080269,0.09619880549203894,0.08474259832595872,0.6002491085749997,0.60024928808011,1.7950511016870185e-07,False,"['for', 'by', 'to', 'among', 'of']","['for', 'by', 'to', 'among', 'of']",truncate
1653,10,65.0,30,rather,6,5.32,7.586584865016182,28,lazy,4,4.24,11.514152883887773,12.633279800415039,12.728863716125488,-0.09558391571044922,0.08386760723781046,0.26107109952165586,0.17720349228384547,0.07819359262927462,0.07872709247963108,0.0005334998503564554,False,"['the', 'older', 'all', 'many', 'other']","['the', 'all', 'many', 'some', 'most']",truncate
1654,10,65.0,30,rather,6,5.32,7.586584865016182,29,women,5,5.57,7.790036689038194,5.83609676361084,6.528792858123779,-0.6926960945129395,0.08132601235993829,0.18290939147973917,0.10158337911980089,8.349405635666514,8.349405771710703,1.3604419209769782e-07,False,"['people', 'individuals', 'men', 'adults', 'citizens']","['people', 'individuals', 'men', 'adults', 'parents']",truncate
1655,10,65.0,31,than,4,6.13,0.008025753038310837,0,what,4,6.38,0.0,0.0006739854579791427,0.0005894189234822989,8.456653449684381e-05,9.012284889112429e-06,8.453279072257243e-05,7.552050583345999e-05,-0.2031503055123105,5.876811678231479e-10,0.20315030609999166,False,"['what', 'whatever', 'which', 'that', 'something']","['what', 'whatever', 'which', 'that', 'it']",truncate
1656,10,65.0,31,than,4,6.13,0.008025753038310837,1,is,2,7.07,5.067392613495786,0.012989331036806107,0.011337327770888805,0.0016520032659173012,0.0001391765700747429,0.0016419711805928058,0.0015027946105180632,-0.3138926355583702,1.0561500251625773e-10,0.3138926356639851,False,"['is', 'seems', 'gets', 'becomes', 'feels']","['is', 'seems', 'gets', 'becomes', 'feels']",truncate
1657,10,65.0,31,than,4,6.13,0.008025753038310837,2,so,2,6.52,7.045905151849227,4.424243927001953,4.779008388519287,-0.354764461517334,0.004839283238210651,0.044214733019088286,0.03937544978087764,-0.027550359592312203,2.3068952167295658e-07,0.027550590281833875,False,"['most', 'particularly', 'especially', 'really', 'more']","['most', 'particularly', 'especially', 'really', 'more']",truncate
1658,10,65.0,31,than,4,6.13,0.008025753038310837,3,unpleasant,10,3.8,10.97457889163446,10.999441146850586,10.799074172973633,0.20036697387695312,0.018153651556271383,0.10265227794430329,0.08449862638803188,-0.11558134964175168,6.755082730397641e-07,0.1155820251500247,False,"['striking', 'interesting', 'strange', 'remarkable', 'special']","['striking', 'interesting', 'strange', 'special', 'remarkable']",truncate
1659,10,65.0,31,than,4,6.13,0.008025753038310837,4,about,5,6.4,1.028931793952807,0.0896289125084877,0.09202618896961212,-0.00239727646112442,0.000334872570320227,0.0041795105819544195,0.0038446380116341932,0.250760220369725,0.25076058636133397,3.6599160895530453e-07,False,"['about', 'in', 'with', 'of', 'to']","['about', 'in', 'with', 'of', 'to']",truncate
1660,10,65.0,31,than,4,6.13,0.008025753038310837,5,all,3,6.52,7.316653024644298,0.23900216817855835,0.28171002864837646,-0.042707860469818115,0.006431742545033011,0.04611186635572629,0.03968012381069329,-0.19232924448319744,3.4551428324237347e-06,0.1923326996260299,False,"['all', 'doing', 'being', 'having', '...']","['all', 'doing', 'being', '...', 'having']",truncate
1661,10,65.0,31,than,4,6.13,0.008025753038310837,6,this,4,6.82,1.068575617216416,0.0706319585442543,0.0790579542517662,-0.008425995707511902,0.001645360190445566,0.010484226170783354,0.008838865980337791,0.17381816753330526,0.17381824661250347,7.907919818161582e-08,False,"['this', 'that', 'these', 'women', 'life']","['this', 'that', 'these', 'life', 'it']",truncate
1662,10,65.0,31,than,4,6.13,0.008025753038310837,7,is,2,7.07,8.204936360025501,0.14038199186325073,0.07870229333639145,0.06167969852685928,0.017344393743278987,0.05840613242142971,0.04106173867815073,-0.5781539444204207,1.1053176297600436e-09,0.5781539455257385,False,"['is', '?', ',', ':', '-']","['is', '?', ',', '-', ':']",truncate
1663,10,65.0,31,than,4,6.13,0.008025753038310837,8,the,3,7.73,4.032598697154909,0.06347986310720444,0.0636834055185318,-0.00020354241132736206,0.0005563637468861593,0.004181109227098406,0.0036247454802122462,-0.138375110702229,1.0291882259983061e-08,0.13837512099411123,False,"['the', 'an', 'this', 'its', 'that']","['the', 'an', 'this', 'its', 'that']",truncate
1664,10,65.0,31,than,4,6.13,0.008025753038310837,9,atmosphere,10,4.46,11.08973085456479,6.195017337799072,6.171016693115234,0.02400064468383789,0.0107295160425177,0.08246214981276148,0.07173263377024376,-0.10840059626455996,4.0555331583722794e-07,0.10840100181787579,False,"['sense', 'form', 'kind', 'amount', 'level']","['sense', 'form', 'kind', 'amount', 'level']",truncate
1665,10,65.0,31,than,4,6.13,0.008025753038310837,10,of,2,7.4,2.3370083392645147,0.028340330347418785,0.02456832118332386,0.003772009164094925,0.00031687099261387144,0.003756342066271742,0.003439471073657872,-0.2710121712363975,9.623142832637126e-09,0.2710121808595404,False,"['of', 'and', 'for', 'or', 'to']","['of', 'and', 'for', 'or', 'to']",truncate
1666,10,65.0,31,than,4,6.13,0.008025753038310837,11,blame,5,4.63,13.487923749814938,14.993444442749023,14.574448585510254,0.41899585723876953,0.02950329914476297,0.12744560531450752,0.09794230616974456,-0.14168289505838372,7.356168074987765e-07,0.14168363067519127,False,"['society', 'life', 'poverty', 'boredom', 'isolation']","['life', 'society', 'poverty', 'boredom', 'youth']",truncate
1667,10,65.0,31,than,4,6.13,0.008025753038310837,12,in,2,7.27,6.7205832524032445,0.13179415464401245,0.12711051106452942,0.004683643579483032,0.000332639106866522,0.005588836186804999,0.0052561970799384775,-0.1320026183602529,0.00019042930512481196,0.1321930476653777,False,"['in', 'under', 'with', 'within', 'through']","['in', 'under', 'with', 'within', 'through']",truncate
1668,10,65.0,31,than,4,6.13,0.008025753038310837,13,which,5,6.3,4.315448687889257,0.06260651350021362,0.052614275366067886,0.009992238134145737,0.0011337032833508899,0.009634727793195819,0.008501024509844933,-0.42452707478769935,6.09064990955427e-09,0.4245270808783493,False,"['which', 'that', 'how', 'it', 'where']","['which', 'that', 'how', 'it', 'where']",truncate
1669,10,65.0,31,than,4,6.13,0.008025753038310837,14,it,2,6.95,3.0013969172287944,1.7748019695281982,1.984715461730957,-0.2099134922027588,0.03361309312974834,0.15501439466458614,0.12140130153483777,0.011845616841243446,0.013158259483447414,0.0013126426422039683,False,"['it', 'blame', 'suicide', 'life', 'this']","['it', 'blame', 'life', 'suicide', 'everything']",truncate
1670,10,65.0,31,than,4,6.13,0.008025753038310837,15,is,2,7.07,1.3081637437765874,0.041177038103342056,0.035355422645807266,0.00582161545753479,0.0004757232021715562,0.005688922909425863,0.005213199707254306,-0.32733106638848436,6.147095821732806e-09,0.32733107253558014,False,"['is', 'was', 'are', 'gets', 'were']","['is', 'was', 'are', 'gets', 'were']",truncate
1671,10,65.0,31,than,4,6.13,0.008025753038310837,16,carried,7,4.77,7.017450162554626,2.9597880840301514,3.094503879547119,-0.13471579551696777,0.015592198909043656,0.09665222942397955,0.08106003051493588,-0.39262593605660895,4.339463355248758e-08,0.3926259794512426,False,"['played', 'carried', 'pointed', 'worked', 'spoken']","['played', 'carried', 'pointed', 'worked', 'spoken']",truncate
1672,10,65.0,31,than,4,6.13,0.008025753038310837,17,out,3,6.38,2.0668413752752377,0.49491438269615173,0.4590575098991394,0.03585687279701233,0.004224991351064408,0.038636144648895,0.034411153297830586,0.24296299926255732,0.2429744796323515,1.148036979419397e-05,False,"['out', ',', 'around', 'on', 'about']","['out', ',', 'around', 'on', 'about']",truncate
1673,10,65.0,31,than,4,6.13,0.008025753038310837,18,as,2,6.77,9.546518476208595,2.2927770614624023,0.7898863554000854,1.502890706062317,0.6102270756722943,0.9926086299798265,0.3823815543075323,0.9827919289301686,0.9906962406598304,0.007904311729661719,False,"['as', ',', '.', '-', 'even']","[',', 'as', '-', '.', 'even']",truncate
1674,10,65.0,31,than,4,6.13,0.008025753038310837,19,though,6,5.5,4.719221302099274,3.066769599914551,3.1859116554260254,-0.11914205551147461,0.011548777066586054,0.049184913998234644,0.03763613693164858,-1.1040672311798296,7.249087797219772e-08,1.1040673036707078,False,"['if', 'though', 'when', 'in', 'although']","['if', 'though', 'when', 'in', 'to']",truncate
1675,10,65.0,31,than,4,6.13,0.008025753038310837,20,getting,7,5.57,15.245505538097532,0.9922184944152832,0.9439046382904053,0.04831385612487793,0.002542696089565126,0.02704732147180875,0.024504625382243624,-0.37514274641802947,1.763301569284953e-08,0.3751427640510453,False,"['getting', 'growing', 'being', 'becoming', 'living']","['getting', 'growing', 'being', 'becoming', 'living']",truncate
1676,10,65.0,31,than,4,6.13,0.008025753038310837,21,older,5,4.92,12.239302688206067,10.07154369354248,9.981425285339355,0.090118408203125,0.003943485996427731,0.02618097328758544,0.022237487291157713,-0.021584291588927537,3.639313892743743e-07,0.02158465552031682,False,"['married', 'pregnant', 'divorced', 'rich', 'paid']","['married', 'pregnant', 'rich', 'divorced', 'paid']",truncate
1677,10,65.0,31,than,4,6.13,0.008025753038310837,22,is,2,7.07,2.4196084644731517,1.323852300643921,0.9683430194854736,0.35550928115844727,0.05119647968955619,0.18375635480925417,0.13255987511969797,-0.5069358125738174,1.4345171244971504e-07,0.5069359560255298,False,"['is', 'was', 'were', ',', '-']","['is', 'was', 'were', ',', '-']",truncate
1678,10,65.0,31,than,4,6.13,0.008025753038310837,23,a,1,7.36,2.6160512039308883,0.040707457810640335,0.04198792949318886,-0.001280471682548523,0.0003734732205256302,0.0023720961607652208,0.00199862294023959,-0.30991124708325163,2.6482262110595106e-06,0.3099138953094627,False,"['a', 'the', 'another', 'some', 'an']","['a', 'the', 'another', 'some', 'one']",truncate
1679,10,65.0,31,than,4,6.13,0.008025753038310837,24,lifestyle,9,4.29,11.693408686018646,8.388684272766113,9.01390266418457,-0.625218391418457,0.09275214051645292,0.2659820491850168,0.17322990866856386,-0.23750097273627588,7.343118329021524e-07,0.23750170704810877,False,"['conscious', 'deliberate', 'moral', 'bad', 'natural']","['conscious', 'moral', 'natural', 'bad', 'deliberate']",truncate
1680,10,65.0,31,than,4,6.13,0.008025753038310837,25,choice,6,5.08,0.9964249582791739,6.699800968170166,5.37167501449585,1.3281259536743164,0.5420523104302921,0.8153562768579341,0.2733039664276419,-1.7476919518383112,1.6780903027171383e-05,1.747708732741338,False,"['being', 'deliberately', 'usually', 'often', 'decision']","['being', ',', 'usually', 'decision', 'often']",truncate
1681,10,65.0,31,than,4,6.13,0.008025753038310837,26,made,4,5.92,7.5237024834755815,1.7503938674926758,0.7519292831420898,0.9984645843505859,0.4579882086100762,0.6768840004269188,0.21889579181684216,-3.9998612845244526,1.887748806087389e-07,3.9998614732993336,False,"['made', 'preferred', 'taken', 'used', 'chosen']","['made', 'preferred', ',', 'used', 'chosen']",truncate
1682,10,65.0,31,than,4,6.13,0.008025753038310837,27,by,2,6.66,1.0755304266739252,0.9278320670127869,0.6698285341262817,0.2580035328865051,0.033305200102982345,0.16637040548285764,0.13306520537987532,-1.0317525115686834,1.248091438149244e-07,1.0317526363778269,False,"['by', 'for', 'to', 'among', 'of']","['by', 'for', 'to', 'among', 'of']",truncate
1683,10,65.0,31,than,4,6.13,0.008025753038310837,28,lazy,4,4.24,11.514152883887773,13.076681137084961,13.089829444885254,-0.013148307800292969,0.07532944952783947,0.20297015977639277,0.1276407102485533,-0.0792887843957007,8.976132555277712e-06,0.07929776052825596,False,"['the', 'older', 'other', 'young', 'younger']","['the', 'older', 'other', 'some', 'young']",truncate
1684,10,65.0,31,than,4,6.13,0.008025753038310837,29,women,5,5.57,7.790036689038194,6.113413333892822,6.501580238342285,-0.3881669044494629,0.03989837858505312,0.13940101795833337,0.09950263937328027,-0.8291692119393861,2.6586444283442305e-07,0.8291694778038291,False,"['people', 'individuals', 'men', 'adults', 'parents']","['people', 'men', 'individuals', 'adults', 'parents']",truncate
1685,10,65.0,31,than,4,6.13,0.008025753038310837,30,rather,6,5.32,7.586584865016182,13.068239212036133,0.07214139401912689,12.996097818017006,12.477198277556067,12.537279930791719,0.0600816532356503,-6.088272377157739,5.442671654990149e-07,6.0882729214249025,False,"['rather', 'more', 'instead', ',', 'better']","['themselves', '.', 'too', 'today', ""'""]",truncate
1686,10,65.0,32,a,1,7.36,3.013348513084418,0,what,4,6.38,0.0,0.0006164315273053944,0.0006133345304988325,3.096996806561947e-06,1.5529347014921433e-06,2.1061288068399823e-05,1.950835336690768e-05,-0.09866626435705753,1.179822093743706e-06,0.09866744417915128,False,"['what', 'whatever', 'which', 'that', 'something']","['what', 'whatever', 'which', 'that', 'something']",truncate
1687,10,65.0,32,a,1,7.36,3.013348513084418,1,is,2,7.07,5.067392613495786,0.011513104662299156,0.012213130481541157,-0.0007000258192420006,5.842083791618936e-05,0.0009050886263649912,0.0008466677884488016,-0.020068120597631692,0.0004753287743663217,0.02054344937199802,False,"['is', 'seems', 'gets', 'becomes', 'feels']","['is', 'seems', 'gets', 'becomes', 'feels']",truncate
1688,10,65.0,32,a,1,7.36,3.013348513084418,2,so,2,6.52,7.045905151849227,4.576994895935059,4.809320449829102,-0.23232555389404297,0.005048311918167569,0.054592362685918334,0.04954405076775077,0.08335475257402732,0.08444912466691139,0.0010943720928840643,False,"['most', 'particularly', 'especially', 'more', 'really']","['most', 'particularly', 'especially', 'really', 'more']",truncate
1689,10,65.0,32,a,1,7.36,3.013348513084418,3,unpleasant,10,3.8,10.97457889163446,10.808306694030762,10.867938995361328,-0.059632301330566406,0.005250292087877145,0.05408977408895488,0.04883948200107774,0.05632157665727123,0.05692285114683643,0.0006012744895651948,False,"['striking', 'interesting', 'remarkable', 'strange', 'special']","['striking', 'interesting', 'strange', 'special', 'remarkable']",truncate
1690,10,65.0,32,a,1,7.36,3.013348513084418,4,about,5,6.4,1.028931793952807,0.08275540918111801,0.09913475811481476,-0.016379348933696747,0.002177204043666871,0.018220818877064237,0.016043614833397366,0.5761998974140577,0.5761999099125414,1.2498483544960526e-08,False,"['about', 'in', 'with', 'of', 'to']","['about', 'in', 'with', 'of', 'to']",truncate
1691,10,65.0,32,a,1,7.36,3.013348513084418,5,all,3,6.52,7.316653024644298,0.26624006032943726,0.3313625454902649,-0.06512248516082764,0.00902378657296721,0.062289585376130586,0.05326579880316335,0.00413165848010498,0.013239051065629781,0.009107392585524805,False,"['all', 'doing', 'being', 'having', '...']","['all', 'doing', 'being', '...', 'having']",truncate
1692,10,65.0,32,a,1,7.36,3.013348513084418,6,this,4,6.82,1.068575617216416,0.0809633880853653,0.08106990158557892,-0.00010651350021362305,0.00041394736246218197,0.0034732773392686525,0.00305932997680647,0.07523054784847219,0.07611510923800817,0.0008845613895359808,False,"['this', 'that', 'these', 'women', 'life']","['this', 'that', 'these', 'women', 'life']",truncate
1693,10,65.0,32,a,1,7.36,3.013348513084418,7,is,2,7.07,8.204936360025501,0.12717193365097046,0.09375427663326263,0.033417657017707825,0.005727912432292615,0.03163886842106185,0.025910955988769243,-0.4245745720091812,1.205269821645842e-07,0.42457469253616337,False,"['is', '?', ',', ':', '-']","['is', '?', ',', '-', ':']",truncate
1694,10,65.0,32,a,1,7.36,3.013348513084418,8,the,3,7.73,4.032598697154909,0.07351107895374298,0.07282137125730515,0.0006897076964378357,0.0005518846268835106,0.00359936717939456,0.003047482552511049,0.16174684995277333,0.1620180003399971,0.0002711503872237504,False,"['the', 'an', 'its', 'this', 'that']","['the', 'an', 'this', 'its', 'that']",truncate
1695,10,65.0,32,a,1,7.36,3.013348513084418,9,atmosphere,10,4.46,11.08973085456479,6.303745746612549,6.027594089508057,0.2761516571044922,0.006177220362748459,0.056129205801191843,0.04995198543844338,-0.048727188676771484,0.0031197819134729772,0.05184697059024445,False,"['form', 'sense', 'amount', 'kind', 'level']","['form', 'sense', 'kind', 'amount', 'level']",truncate
1696,10,65.0,32,a,1,7.36,3.013348513084418,10,of,2,7.4,2.3370083392645147,0.025201380252838135,0.03111572191119194,-0.0059143416583538055,0.0009957142368559842,0.0068049668538499135,0.005809252616993931,1.2147895576414953,1.2147896622890941,1.0464759908228287e-07,False,"['of', 'and', 'or', 'for', 'to']","['of', 'and', 'for', 'or', 'to']",truncate
1697,10,65.0,32,a,1,7.36,3.013348513084418,11,blame,5,4.63,13.487923749814938,14.633983612060547,14.820221900939941,-0.18623828887939453,0.011305230755034009,0.08061694429574692,0.0693117135407129,0.1049165578821886,0.1049388271254325,2.2269243243931555e-05,False,"['life', 'society', 'poverty', 'boredom', 'youth']","['life', 'society', 'poverty', 'boredom', 'youth']",truncate
1698,10,65.0,32,a,1,7.36,3.013348513084418,12,in,2,7.27,6.7205832524032445,0.13287371397018433,0.13681720197200775,-0.003943488001823425,0.0003506764710186241,0.005991936127010835,0.005641259655992212,0.1325514037220113,0.1330355728403614,0.00048416911835015634,False,"['in', 'under', 'within', 'with', 'through']","['in', 'under', 'with', 'within', 'through']",truncate
1699,10,65.0,32,a,1,7.36,3.013348513084418,13,which,5,6.3,4.315448687889257,0.06736062467098236,0.05456821992993355,0.012792404741048813,0.001296776192901349,0.012317936995536119,0.01102116080263477,-0.41345713707784076,5.281608139800428e-08,0.4134571898939221,False,"['which', 'that', 'how', 'it', 'where']","['which', 'that', 'how', 'it', 'where']",truncate
1700,10,65.0,32,a,1,7.36,3.013348513084418,14,it,2,6.95,3.0013969172287944,1.8722052574157715,1.8977981805801392,-0.025592923164367676,0.012006570883152157,0.07664176430179555,0.06463519341864339,0.07943360633317038,0.07953593590791039,0.00010232957473999328,False,"['it', 'blame', 'suicide', 'life', 'this']","['it', 'blame', 'suicide', 'life', 'everything']",truncate
1701,10,65.0,32,a,1,7.36,3.013348513084418,15,is,2,7.07,1.3081637437765874,0.03433433175086975,0.03591776639223099,-0.0015834346413612366,0.0001503563765446241,0.0022792037478015503,0.002128847371256927,-0.1350260809267481,6.450120530806697e-07,0.13502672593880113,False,"['is', 'was', 'are', 'gets', 'were']","['is', 'was', 'are', 'gets', 'seems']",truncate
1702,10,65.0,32,a,1,7.36,3.013348513084418,16,carried,7,4.77,7.017450162554626,3.3061089515686035,3.0364394187927246,0.2696695327758789,0.006799932887752635,0.056431545732411964,0.04963161284465933,-0.085942056331293,9.469720642971405e-07,0.08594300330335726,False,"['played', 'carried', 'pointed', 'worked', 'spoken']","['played', 'pointed', 'carried', 'worked', 'spoken']",truncate
1703,10,65.0,32,a,1,7.36,3.013348513084418,17,out,3,6.38,2.0668413752752377,0.5219582319259644,0.49245768785476685,0.02950054407119751,0.003624110170173949,0.034536306980099636,0.030912196809925695,0.4041016966322614,0.4041266355407835,2.4938908522257044e-05,False,"['out', ',', 'around', 'on', 'about']","['out', ',', 'around', 'on', 'about']",truncate
1704,10,65.0,32,a,1,7.36,3.013348513084418,18,as,2,6.77,9.546518476208595,0.8883368968963623,1.071057677268982,-0.18272078037261963,0.05917363165833237,0.18125255378059785,0.12207892212226545,1.0817259500273035,1.081737570083722,1.1620056418970606e-05,False,"['as', ',', '.', '-', 'even']","['as', ',', 'even', '.', '-']",truncate
1705,10,65.0,32,a,1,7.36,3.013348513084418,19,though,6,5.5,4.719221302099274,3.2116172313690186,3.2220449447631836,-0.010427713394165039,0.001305583166948746,0.00831892931133019,0.007013346144381446,0.5067787657142996,0.5067994204620961,2.0654747796594672e-05,False,"['if', 'though', 'when', 'the', 'although']","['if', 'though', 'when', 'the', 'although']",truncate
1706,10,65.0,32,a,1,7.36,3.013348513084418,20,getting,7,5.57,15.245505538097532,0.9732182621955872,0.9963120818138123,-0.023093819618225098,0.0008692599811646017,0.01697214037673672,0.016102880395572117,0.6796513893019254,0.6796630441417062,1.1654839780793403e-05,False,"['getting', 'growing', 'being', 'becoming', 'living']","['getting', 'growing', 'being', 'becoming', 'living']",truncate
1707,10,65.0,32,a,1,7.36,3.013348513084418,21,older,5,4.92,12.239302688206067,9.832425117492676,10.164185523986816,-0.3317604064941406,0.011347364701784627,0.06263940345356313,0.05129203875177851,-0.29603919083936747,7.692771534299355e-07,0.29603996011652095,False,"['married', 'pregnant', 'divorced', 'rich', 'paid']","['married', 'pregnant', 'rich', 'divorced', 'paid']",truncate
1708,10,65.0,32,a,1,7.36,3.013348513084418,22,is,2,7.07,2.4196084644731517,0.8470379710197449,0.8366835117340088,0.010354459285736084,0.01056463589820036,0.050255721087144184,0.03969108518894382,1.129816476148455,1.1298169765182016,5.003697463802609e-07,False,"['is', 'was', 'were', ',', '-']","['is', 'was', 'were', ',', '-']",truncate
1709,10,65.0,32,a,1,7.36,3.013348513084418,23,a,1,7.36,2.6160512039308883,0.04221396520733833,0.024382200092077255,0.017831765115261078,0.004676421918108116,0.01753984203291372,0.012863420114805608,0.5730153483158524,0.5731402278149238,0.0001248794990712223,False,"['a', 'the', 'another', 'some', 'one']","['a', 'the', 'another', 'some', 'one']",truncate
1710,10,65.0,32,a,1,7.36,3.013348513084418,24,lifestyle,9,4.29,11.693408686018646,8.905842781066895,8.95563793182373,-0.04979515075683594,0.053396143233720265,0.18148224329678173,0.12808610006306145,0.574914411592781,0.5757526942487972,0.0008382826560160885,False,"['conscious', 'moral', 'deliberate', 'personal', 'natural']","['conscious', 'moral', 'deliberate', 'natural', 'bad']",truncate
1711,10,65.0,32,a,1,7.36,3.013348513084418,25,choice,6,5.08,0.9964249582791739,5.973790168762207,5.097773551940918,0.8760166168212891,0.09058664557181709,0.2607991511423365,0.1702125055705194,0.3855911240652002,0.38741392181872547,0.001822797753525275,False,"['being', 'decision', 'deliberately', ',', 'usually']","['being', 'deliberately', ',', 'usually', 'often']",truncate
1712,10,65.0,32,a,1,7.36,3.013348513084418,26,made,4,5.92,7.5237024834755815,1.007755160331726,0.7018017768859863,0.30595338344573975,0.0582798713317436,0.20077685745506754,0.14249698612332384,-0.6833903942252357,6.065889923777311e-06,0.6833964601151596,False,"['made', 'preferred', 'taken', 'used', 'chosen']","['made', 'preferred', 'taken', 'used', 'chosen']",truncate
1713,10,65.0,32,a,1,7.36,3.013348513084418,27,by,2,6.66,1.0755304266739252,0.7700085639953613,0.5883030891418457,0.18170547485351562,0.019756981611176214,0.12211204345136184,0.10235506184018563,0.5758278871304252,0.5758302023673527,2.3152369274938165e-06,False,"['by', 'for', 'to', 'of', 'among']","['by', 'for', 'to', 'among', 'of']",truncate
1714,10,65.0,32,a,1,7.36,3.013348513084418,28,lazy,4,4.24,11.514152883887773,13.163158416748047,13.031578063964844,0.13158035278320312,0.02103365443465003,0.1126244967991512,0.09159084236450117,-0.8102293613096603,1.7794171298356856e-05,0.8102471554809585,False,"['the', 'older', 'other', 'all', 'young']","['the', 'older', 'other', 'some', 'all']",truncate
1715,10,65.0,32,a,1,7.36,3.013348513084418,29,women,5,5.57,7.790036689038194,6.374222755432129,6.5950822830200195,-0.22085952758789062,0.012025687478030164,0.0802067029717659,0.06818101549373573,-0.688051128390775,1.6113327752446097e-06,0.6880527397235502,False,"['people', 'individuals', 'men', 'adults', 'parents']","['people', 'individuals', 'men', 'adults', 'parents']",truncate
1716,10,65.0,32,a,1,7.36,3.013348513084418,30,rather,6,5.32,7.586584865016182,0.10186862200498581,0.017605533823370934,0.08426308818161488,0.061465505644795276,0.08497210890394763,0.02350660325915236,0.3749277452521043,0.38750530134191946,0.01257755608981513,False,"['rather', 'more', 'other', ',', 'better']","['rather', 'other', 'more', 'less', 'better']",truncate
1717,10,65.0,32,a,1,7.36,3.013348513084418,31,than,4,6.13,0.008025753038310837,2.08803129196167,0.00991586409509182,2.078115427866578,2.040412984300976,2.065194408225693,0.024781423924717313,1.0501380084718985,1.072830814888577,0.02269280641667876,False,"['than', 'like', '.', 'that', '-']","['than', 'easily', 'often', 'so', 'well']",truncate
1718,10,65.0,33,natural,7,5.11,5.790889971185804,0,what,4,6.38,0.0,0.0007995109190233052,0.0006331210606731474,0.00016638985835015774,2.4185119009432493e-05,0.0001663168548347166,0.00014213173582528415,-0.5903466714449235,3.299433341094415e-11,0.5903466714779179,False,"['what', 'whatever', 'which', 'that', 'something']","['what', 'whatever', 'which', 'that', 'it']",truncate
1719,10,65.0,33,natural,7,5.11,5.790889971185804,1,is,2,7.07,5.067392613495786,0.013608214445412159,0.011181503534317017,0.0024267109110951424,0.0002982017080047889,0.0024079755612675946,0.002109773853262805,-0.6973776014432761,2.7287414865090543e-10,0.6973776017161502,False,"['is', 'seems', 'gets', 'becomes', 'feels']","['is', 'seems', 'gets', 'becomes', 'was']",truncate
1720,10,65.0,33,natural,7,5.11,5.790889971185804,2,so,2,6.52,7.045905151849227,4.315816402435303,4.8279805183410645,-0.5121641159057617,0.007719396480201928,0.04825092417637628,0.040531527696174345,-0.37414762932200346,2.133593225981808e-06,0.3741497629152295,False,"['most', 'particularly', 'especially', 'really', 'more']","['most', 'particularly', 'especially', 'more', 'really']",truncate
1721,10,65.0,33,natural,7,5.11,5.790889971185804,3,unpleasant,10,3.8,10.97457889163446,10.69303035736084,10.71796703338623,-0.024936676025390625,0.011645227101749898,0.08548749352201805,0.07384226642026814,-0.44522404004935495,2.6997801013693535e-06,0.4452267398294562,False,"['striking', 'interesting', 'strange', 'remarkable', 'special']","['striking', 'interesting', 'strange', 'remarkable', 'different']",truncate
1722,10,65.0,33,natural,7,5.11,5.790889971185804,4,about,5,6.4,1.028931793952807,0.09874795377254486,0.0947270467877388,0.004020906984806061,0.0007398720066123201,0.005883165925562275,0.0051432939189499545,-0.4962514122145403,7.500625392610578e-07,0.4962521622770796,False,"['about', 'in', 'with', 'of', 'to']","['about', 'in', 'with', 'of', ',']",truncate
1723,10,65.0,33,natural,7,5.11,5.790889971185804,5,all,3,6.52,7.316653024644298,0.47207406163215637,0.2571176290512085,0.21495643258094788,0.07235943408402912,0.17986662677389084,0.10750719268986172,-2.9854109961489583,2.925594848345973e-09,2.985410999074553,False,"['all', 'doing', 'being', '...', 'having']","['all', 'doing', 'being', '...', 'eating']",truncate
1724,10,65.0,33,natural,7,5.11,5.790889971185804,6,this,4,6.82,1.068575617216416,0.09320268779993057,0.07661610841751099,0.016586579382419586,0.002824550684285512,0.01586610660083578,0.013041555916550271,-0.8879006077877537,3.2787455869762655e-07,0.8879009356623127,False,"['this', 'that', 'these', 'women', 'life']","['this', 'that', 'these', 'life', 'women']",truncate
1725,10,65.0,33,natural,7,5.11,5.790889971185804,7,is,2,7.07,8.204936360025501,0.19094502925872803,0.07069047540426254,0.12025455385446548,0.052435486580831185,0.11450424248994917,0.062068755909117986,-1.3536697327194747,1.3522154144690866e-08,1.3536697462416287,False,"['is', '?', ',', '-', ':']","['is', '?', ',', ':', '-']",truncate
1726,10,65.0,33,natural,7,5.11,5.790889971185804,8,the,3,7.73,4.032598697154909,0.07968857884407043,0.059337541460990906,0.02035103738307953,0.0030971626824960238,0.0195309861680526,0.016433823485556574,-0.9424786742304314,7.28758233378728e-09,0.9424786815180137,False,"['the', 'an', 'this', 'its', 'that']","['the', 'an', 'its', 'this', 'that']",truncate
1727,10,65.0,33,natural,7,5.11,5.790889971185804,9,atmosphere,10,4.46,11.08973085456479,6.321272373199463,6.093508243560791,0.22776412963867188,0.008511618976705212,0.0613582005061202,0.052846581529414995,-0.5489527957761978,7.18910621602179e-06,0.548959984882414,False,"['sense', 'form', 'amount', 'kind', 'level']","['sense', 'form', 'amount', 'kind', 'level']",truncate
1728,10,65.0,33,natural,7,5.11,5.790889971185804,10,of,2,7.4,2.3370083392645147,0.03349023684859276,0.026621874421834946,0.0068683624267578125,0.0010156983578969616,0.006747560803274823,0.00573186244537786,-1.652559979435787,4.862979533369902e-09,1.6525599842987664,False,"['of', 'and', 'or', 'for', 'to']","['of', 'and', 'or', 'for', 'to']",truncate
1729,10,65.0,33,natural,7,5.11,5.790889971185804,11,blame,5,4.63,13.487923749814938,14.601531982421875,14.549171447753906,0.05236053466796875,0.024513722439955934,0.11943627447918125,0.09492255203922532,-0.9315490524369576,1.3044623395948663e-05,0.9315620970603534,False,"['life', 'society', 'poverty', 'boredom', 'isolation']","['life', 'society', 'poverty', 'boredom', 'reality']",truncate
1730,10,65.0,33,natural,7,5.11,5.790889971185804,12,in,2,7.27,6.7205832524032445,0.1400178074836731,0.13205976784229279,0.00795803964138031,0.0008207008463231299,0.007701884230391309,0.006881183384068179,-0.8461861293561915,7.01914232846739e-09,0.846186136375334,False,"['in', 'under', 'within', 'with', 'through']","['in', 'under', 'within', 'with', 'through']",truncate
1731,10,65.0,33,natural,7,5.11,5.790889971185804,13,which,5,6.3,4.315448687889257,0.06034250557422638,0.05264950543642044,0.007693000137805939,0.0006872185787178942,0.007425178542528409,0.006737959963810513,-0.6855765528922138,2.682995163258653e-07,0.6855768211917301,False,"['which', 'that', 'how', 'it', 'where']","['which', 'that', 'how', 'it', 'where']",truncate
1732,10,65.0,33,natural,7,5.11,5.790889971185804,14,it,2,6.95,3.0013969172287944,2.0323503017425537,2.016387701034546,0.015962600708007812,0.017929032498134972,0.0938377117074026,0.07590867920926762,-0.6689249939020876,1.3813656583032697e-05,0.6689388075586706,False,"['it', 'blame', 'suicide', 'life', 'everything']","['it', 'blame', 'suicide', 'life', 'this']",truncate
1733,10,65.0,33,natural,7,5.11,5.790889971185804,15,is,2,7.07,1.3081637437765874,0.033316247165203094,0.03097584657371044,0.002340400591492653,0.00018167637189220814,0.0022906858889343296,0.0021090095170421216,-0.8320259422159718,2.6316889085788375e-10,0.8320259424791407,False,"['is', 'was', 'are', 'gets', 'seems']","['is', 'was', 'are', 'gets', 'seems']",truncate
1734,10,65.0,33,natural,7,5.11,5.790889971185804,16,carried,7,4.77,7.017450162554626,3.3472142219543457,3.217998504638672,0.12921571731567383,0.01156392469722976,0.0798820121753942,0.06831808747816444,-0.5471513411062155,1.059983777040842e-06,0.5471524010899927,False,"['played', 'pointed', 'carried', 'worked', 'spoken']","['played', 'pointed', 'carried', 'worked', 'spoken']",truncate
1735,10,65.0,33,natural,7,5.11,5.790889971185804,17,out,3,6.38,2.0668413752752377,0.5273668766021729,0.5389140844345093,-0.011547207832336426,0.002612384895359221,0.024090660668683796,0.021478275773324573,-0.3957902543623453,1.176722388066421e-05,0.39580202158622596,False,"['out', ',', 'around', 'on', 'about']","['out', ',', 'around', 'on', 'about']",truncate
1736,10,65.0,33,natural,7,5.11,5.790889971185804,18,as,2,6.77,9.546518476208595,1.3909907341003418,1.8107454776763916,-0.4197547435760498,0.10841193852523079,0.3247050184405504,0.21629307991531957,-0.7748373553833698,0.013234239435579744,0.7880715948189497,False,"[',', 'as', '.', '-', 'even']","['as', ',', '.', 'even', '-']",truncate
1737,10,65.0,33,natural,7,5.11,5.790889971185804,19,though,6,5.5,4.719221302099274,3.376310348510742,2.9803974628448486,0.39591288566589355,0.009447304166341286,0.06055368375366842,0.05110637958732712,0.028571369609493576,0.033583312989930274,0.0050119433804366835,False,"['if', 'though', 'the', 'although', 'when']","['if', 'though', 'when', 'the', 'in']",truncate
1738,10,65.0,33,natural,7,5.11,5.790889971185804,20,getting,7,5.57,15.245505538097532,0.9951232671737671,1.0090880393981934,-0.01396477222442627,0.05029681025313775,0.15384324610180045,0.1035464358486627,-2.8311607895652737,4.932495994410516e-09,2.8311607944977695,False,"['getting', 'growing', 'being', 'becoming', 'living']","['getting', 'growing', 'being', 'becoming', 'living']",truncate
1739,10,65.0,33,natural,7,5.11,5.790889971185804,21,older,5,4.92,12.239302688206067,9.84843635559082,10.134410858154297,-0.28597450256347656,0.02345441061673572,0.10898035735362425,0.08552594673688854,-1.0522788164627923,8.384588617476868e-08,1.0522789003086779,False,"['married', 'pregnant', 'divorced', 'rich', 'paid']","['married', 'pregnant', 'rich', 'divorced', 'paid']",truncate
1740,10,65.0,33,natural,7,5.11,5.790889971185804,22,is,2,7.07,2.4196084644731517,0.9157912731170654,0.7694607377052307,0.14633053541183472,0.015048887753074057,0.08624427268709348,0.07119538493401946,-0.6500147438764735,1.102956397872495e-06,0.6500158468328714,False,"['is', 'was', 'were', ',', 'are']","['is', 'was', 'were', ',', 'are']",truncate
1741,10,65.0,33,natural,7,5.11,5.790889971185804,23,a,1,7.36,2.6160512039308883,0.019122255966067314,0.008206143043935299,0.010916112922132015,0.004573645134217742,0.010927902604178632,0.006354257469960891,-2.551647201295473,9.549065250570577e-08,2.5516472967861255,False,"['a', 'the', 'another', 'some', 'an']","['a', 'the', 'another', 'some', 'one']",truncate
1742,10,65.0,33,natural,7,5.11,5.790889971185804,24,lifestyle,9,4.29,11.693408686018646,8.774118423461914,10.598580360412598,-1.8244619369506836,0.2738827698220904,0.49131121892834595,0.21742844910625544,-2.350442133582089,2.4073213477942515e-05,2.350466206795567,False,"['moral', 'natural', 'conscious', 'bad', 'wise']","['conscious', 'moral', 'bad', 'personal', 'good']",truncate
1743,10,65.0,33,natural,7,5.11,5.790889971185804,25,choice,6,5.08,0.9964249582791739,5.089987754821777,4.2400126457214355,0.8499751091003418,0.09071396472509388,0.2530286328092828,0.1623146680841889,-1.8418436985495046,4.687988894377428e-05,1.8418905784384485,False,"['decision', 'being', 'choice', 'deliberately', 'usually']","['being', 'decision', ',', 'deliberately', 'usually']",truncate
1744,10,65.0,33,natural,7,5.11,5.790889971185804,26,made,4,5.92,7.5237024834755815,0.8771398067474365,0.6026841402053833,0.2744556665420532,0.06003230443817569,0.19008400357937122,0.13005169914119558,-3.0819154809441915,1.2410837520063428e-07,3.0819156050525667,False,"['made', 'preferred', 'taken', 'used', 'chosen']","['made', 'preferred', 'taken', 'used', 'chosen']",truncate
1745,10,65.0,33,natural,7,5.11,5.790889971185804,27,by,2,6.66,1.0755304266739252,0.5855661034584045,0.6565364003181458,-0.07097029685974121,0.007227127908311537,0.06090016954689181,0.05367304163858028,-1.6746344899721193,3.8676690146402746e-08,1.6746345286488096,False,"['by', 'for', 'to', 'of', 'from']","['by', 'for', 'to', 'of', 'from']",truncate
1746,10,65.0,33,natural,7,5.11,5.790889971185804,28,lazy,4,4.24,11.514152883887773,12.406454086303711,12.532658576965332,-0.1262044906616211,0.09151988955637504,0.2530564076305272,0.16153651807415223,-1.5613601597380982,3.0426114301032092e-05,1.5613905858523989,False,"['the', 'all', 'other', 'older', 'some']","['the', 'older', 'other', 'some', 'all']",truncate
1747,10,65.0,33,natural,7,5.11,5.790889971185804,29,women,5,5.57,7.790036689038194,6.221701145172119,6.751597881317139,-0.5298967361450195,0.08615066433988493,0.2432396734259861,0.15708900908610116,-1.8676452598522835,1.718074195140012e-05,1.8676624405942348,False,"['people', 'individuals', 'men', 'adults', 'parents']","['people', 'individuals', 'men', 'parents', 'adults']",truncate
1748,10,65.0,33,natural,7,5.11,5.790889971185804,30,rather,6,5.32,7.586584865016182,0.13399523496627808,0.003268274012953043,0.13072696095332503,0.12107014060467892,0.13043114796828437,0.00936100736360546,-9.667555037830944,1.0091275276113388e-07,9.667555138743696,False,"['rather', 'more', ',', 'other', 'instead']","['rather', ',', 'other', 'more', '.']",truncate
1749,10,65.0,33,natural,7,5.11,5.790889971185804,31,than,4,6.13,0.008025753038310837,0.011866889894008636,0.001037686481140554,0.010829203412868083,0.00876752559524866,0.010821434562202767,0.0020539089669541033,-6.272461727020777,1.2044958396895812e-09,6.272461728225272,False,"['than', 'like', 'of', 'as', 'that']","['than', 'like', 'that', '.', '-']",truncate
1750,10,65.0,33,natural,7,5.11,5.790889971185804,32,a,1,7.36,3.013348513084418,15.377384185791016,2.6260194778442383,12.751364707946777,11.95106917107856,11.966404393376061,0.015335222297497841,2.8025851686444048,2.803442171018427,0.0008570023740219311,False,"['the', 'a', 'by', 'just', 'their']","['men', 'themselves', 'children', 'boys', 'adults']",truncate
1751,10,65.0,34,process,7,5.26,7.839354511297983,0,what,4,6.38,0.0,0.0006253784522414207,0.0005780634819529951,4.7314970288425684e-05,2.874441219195195e-06,4.869619279859164e-05,4.5821751579396436e-05,-0.11656909616458978,4.420616689625135e-09,0.11656910058520648,False,"['what', 'whatever', 'that', 'which', 'something']","['what', 'whatever', 'which', 'that', 'something']",truncate
1752,10,65.0,34,process,7,5.26,7.839354511297983,1,is,2,7.07,5.067392613495786,0.011735889129340649,0.01257472112774849,-0.0008388319984078407,9.079746844003805e-05,0.0011604246697417624,0.001069627201301724,0.13672455121222032,0.137142266378996,0.00041771516677569534,False,"['is', 'seems', 'gets', 'becomes', 'feels']","['is', 'seems', 'gets', 'becomes', 'feels']",truncate
1753,10,65.0,34,process,7,5.26,7.839354511297983,2,so,2,6.52,7.045905151849227,4.571175575256348,4.940732002258301,-0.3695564270019531,0.005071955130809143,0.04731489129589453,0.0422429361650854,0.07715162679455186,0.07762674420201791,0.00047511740746604967,False,"['most', 'particularly', 'especially', 'really', 'more']","['most', 'particularly', 'especially', 'really', 'more']",truncate
1754,10,65.0,34,process,7,5.26,7.839354511297983,3,unpleasant,10,3.8,10.97457889163446,10.90465259552002,10.869739532470703,0.034913063049316406,0.007859734164125429,0.06176550373531507,0.05390576957118964,0.1075685693053091,0.10760170091916688,3.3131613857799626e-05,False,"['striking', 'interesting', 'remarkable', 'special', 'strange']","['striking', 'interesting', 'strange', 'special', 'remarkable']",truncate
1755,10,65.0,34,process,7,5.26,7.839354511297983,4,about,5,6.4,1.028931793952807,0.07679521292448044,0.0851161852478981,-0.008320972323417664,0.0019787925153064143,0.011074879039063117,0.009096086523756697,0.7905153639167068,0.7905153730787685,9.162061798193513e-09,False,"['about', 'in', 'with', 'of', ',']","['about', 'in', 'with', 'of', 'to']",truncate
1756,10,65.0,34,process,7,5.26,7.839354511297983,5,all,3,6.52,7.316653024644298,0.21496157348155975,0.2958838939666748,-0.08092232048511505,0.015137560597603215,0.08194820450258011,0.06681064390497689,0.5980119010061438,0.5980119807130033,7.970685964345455e-08,False,"['all', 'doing', 'being', 'having', '...']","['all', 'doing', 'being', 'having', 'even']",truncate
1757,10,65.0,34,process,7,5.26,7.839354511297983,6,this,4,6.82,1.068575617216416,0.07871309667825699,0.08315078914165497,-0.00443769246339798,0.0007857010806712564,0.00639462468763742,0.005608923606966164,0.16507682866773518,0.16507754749785514,7.188301199770463e-07,False,"['this', 'that', 'these', 'women', 'life']","['this', 'that', 'these', 'life', 'women']",truncate
1758,10,65.0,34,process,7,5.26,7.839354511297983,7,is,2,7.07,8.204936360025501,0.07447109371423721,0.05299006402492523,0.02148102968931198,0.004479436344889722,0.020924368556497996,0.016444932211608268,-0.33983780616787324,6.039731380477008e-08,0.339837866565187,False,"['is', '?', ',', '-', ':']","['is', '?', ',', '-', ':']",truncate
1759,10,65.0,34,process,7,5.26,7.839354511297983,8,the,3,7.73,4.032598697154909,0.0636293962597847,0.07130949944257736,-0.007680103182792664,0.0011148567383441814,0.010153147332318011,0.009038290593973831,0.03696403160151766,0.0372018593062055,0.00023782770468785508,False,"['the', 'an', 'this', 'its', 'that']","['the', 'an', 'this', 'its', 'that']",truncate
1760,10,65.0,34,process,7,5.26,7.839354511297983,9,atmosphere,10,4.46,11.08973085456479,6.111859321594238,6.211467742919922,-0.0996084213256836,0.01171812452588848,0.07589184470817202,0.06417372018228351,-0.16606096394528638,3.356522028986439e-07,0.16606129959748933,False,"['sense', 'form', 'amount', 'kind', 'level']","['sense', 'form', 'amount', 'kind', 'level']",truncate
1761,10,65.0,34,process,7,5.26,7.839354511297983,10,of,2,7.4,2.3370083392645147,0.026503190398216248,0.023000340908765793,0.0035028494894504547,0.000758299155586332,0.004515430164576599,0.003757131008990267,-0.22685499064792033,2.583265702824161e-07,0.22685524897449066,False,"['of', 'and', 'for', 'or', 'to']","['of', 'and', 'for', 'or', 'to']",truncate
1762,10,65.0,34,process,7,5.26,7.839354511297983,11,blame,5,4.63,13.487923749814938,14.797698974609375,14.660164833068848,0.13753414154052734,0.01892066701995311,0.10441461558235614,0.08549394856240301,-0.04353588320370485,1.649630028621867e-05,0.043552379503991066,False,"['life', 'society', 'poverty', 'isolation', 'boredom']","['life', 'society', 'poverty', 'isolation', 'boredom']",truncate
1763,10,65.0,34,process,7,5.26,7.839354511297983,12,in,2,7.27,6.7205832524032445,0.13599640130996704,0.15021075308322906,-0.014214351773262024,0.002370247360961355,0.018202879563999852,0.015832632203038488,0.07341378150943619,0.0738808338179915,0.00046705230855531674,False,"['in', 'under', 'within', 'with', 'through']","['in', 'under', 'with', 'within', 'through']",truncate
1764,10,65.0,34,process,7,5.26,7.839354511297983,13,which,5,6.3,4.315448687889257,0.0636182501912117,0.06034286320209503,0.0032753869891166687,0.0008197585091061959,0.004763315062589448,0.003943556553483253,-0.08555131634347538,1.4716870202212441e-06,0.08555278803049562,False,"['which', 'that', 'how', 'it', 'where']","['which', 'that', 'how', 'it', 'where']",truncate
1765,10,65.0,34,process,7,5.26,7.839354511297983,14,it,2,6.95,3.0013969172287944,1.964730143547058,1.8348495960235596,0.12988054752349854,0.012000222403212916,0.08624673936317248,0.07424651695995954,0.09924058259042007,0.09924207245471547,1.4898642954192778e-06,False,"['it', 'blame', 'life', 'suicide', 'everything']","['it', 'blame', 'life', 'everything', 'suicide']",truncate
1766,10,65.0,34,process,7,5.26,7.839354511297983,15,is,2,7.07,1.3081637437765874,0.027354074642062187,0.03147250413894653,-0.004118429496884346,0.00042358012514559913,0.004772732862351657,0.0043491527372060594,-0.06519820789492946,1.523330848176874e-07,0.06519836022801428,False,"['is', 'was', 'are', 'gets', 'seems']","['is', 'was', 'are', 'gets', 'seems']",truncate
1767,10,65.0,34,process,7,5.26,7.839354511297983,16,carried,7,4.77,7.017450162554626,3.415388345718384,3.216402292251587,0.19898605346679688,0.00918976506858977,0.07252965098958576,0.06333988592099596,-0.11348423106357598,1.4603059171173327e-07,0.11348437709416767,False,"['played', 'carried', 'pointed', 'worked', 'spoken']","['played', 'carried', 'pointed', 'worked', 'spoken']",truncate
1768,10,65.0,34,process,7,5.26,7.839354511297983,17,out,3,6.38,2.0668413752752377,0.48208388686180115,0.4027016758918762,0.07938221096992493,0.007516388146014209,0.06156739068225873,0.054051002536244515,0.10429321321373312,0.10552773503574177,0.0012345218220086481,False,"['out', ',', 'on', 'around', 'about']","['out', ',', 'around', 'on', 'about']",truncate
1769,10,65.0,34,process,7,5.26,7.839354511297983,18,as,2,6.77,9.546518476208595,1.0397926568984985,1.1229207515716553,-0.08312809467315674,0.00685070334732322,0.06180592098902917,0.05495521764170594,0.4146588853271154,0.4154395419309309,0.0007806566038155425,False,"['as', ',', '.', 'even', '-']","['as', ',', 'even', '.', '-']",truncate
1770,10,65.0,34,process,7,5.26,7.839354511297983,19,though,6,5.5,4.719221302099274,2.820641040802002,2.797722339630127,0.022918701171875,0.002401863606440336,0.019652333710740242,0.017250470104299902,0.4032076072999988,0.40333385512836223,0.00012624782836346272,False,"['if', 'though', 'although', 'when', 'the']","['if', 'though', 'although', 'when', 'the']",truncate
1771,10,65.0,34,process,7,5.26,7.839354511297983,20,getting,7,5.57,15.245505538097532,0.9878852963447571,1.000486969947815,-0.012601673603057861,0.006842095932369612,0.044707645291494465,0.03786554935912483,-0.23773987970037938,4.8949218324076044e-08,0.2377399286495977,False,"['getting', 'growing', 'becoming', 'being', 'going']","['getting', 'growing', 'becoming', 'being', 'going']",truncate
1772,10,65.0,34,process,7,5.26,7.839354511297983,21,older,5,4.92,12.239302688206067,9.705711364746094,9.680736541748047,0.024974822998046875,0.013340456191003734,0.049221159569510425,0.03588070337850669,-0.06174358000054359,2.5835939274954386e-07,0.06174383835993635,False,"['married', 'pregnant', 'divorced', 'rich', 'paid']","['married', 'pregnant', 'rich', 'divorced', 'paid']",truncate
1773,10,65.0,34,process,7,5.26,7.839354511297983,22,is,2,7.07,2.4196084644731517,0.6920245885848999,0.7352554798126221,-0.04323089122772217,0.001837326503895259,0.028953836820752882,0.027116510316857616,0.11678898453578926,0.1177553508622675,0.0009663663264782299,False,"['is', 'was', 'were', 'are', ',']","['is', 'was', 'were', 'are', ',']",truncate
1774,10,65.0,34,process,7,5.26,7.839354511297983,23,a,1,7.36,2.6160512039308883,0.013491378165781498,0.008848500438034534,0.0046428777277469635,0.0011555260773759542,0.004754178779797649,0.0035986527024216954,-0.3148860483951808,1.0054499830671749e-06,0.3148870538451638,False,"['a', 'the', 'another', 'some', 'an']","['a', 'the', 'another', 'an', 'some']",truncate
1775,10,65.0,34,process,7,5.26,7.839354511297983,24,lifestyle,9,4.29,11.693408686018646,10.420100212097168,10.069616317749023,0.35048389434814453,0.37711943114123103,0.650579792796889,0.27346036165565807,0.2568553739048763,0.2581631400577596,0.0013077661528834842,False,"['natural', 'moral', 'conscious', 'deliberate', 'bad']","['natural', 'conscious', 'bad', 'moral', 'wise']",truncate
1776,10,65.0,34,process,7,5.26,7.839354511297983,25,choice,6,5.08,0.9964249582791739,4.939404487609863,3.7111682891845703,1.228236198425293,0.23749906049356329,0.4802236538840043,0.24272459339044095,-0.4349558527755781,4.1769380809456363e-07,0.43495627046938634,False,"['decision', 'choice', 'being', 'deliberately', 'custom']","['being', 'deliberately', 'decision', 'usually', ',']",truncate
1777,10,65.0,34,process,7,5.26,7.839354511297983,26,made,4,5.92,7.5237024834755815,0.6185182332992554,0.41864317655563354,0.19987505674362183,0.041434891643706444,0.1536532088245799,0.11221831718087341,-1.0513080200249274,2.6367322744546782e-08,1.0513080463922502,False,"['made', 'taken', 'preferred', 'used', 'chosen']","['made', 'preferred', 'taken', 'chosen', 'favored']",truncate
1778,10,65.0,34,process,7,5.26,7.839354511297983,27,by,2,6.66,1.0755304266739252,0.7252708077430725,0.5305108428001404,0.19475996494293213,0.02458060933679081,0.13607056555138536,0.11148995621459451,-0.32236095425431227,6.549948025823444e-08,0.3223610197537926,False,"['by', 'for', 'to', 'of', 'from']","['by', 'for', 'to', 'from', 'of']",truncate
1779,10,65.0,34,process,7,5.26,7.839354511297983,28,lazy,4,4.24,11.514152883887773,11.177937507629395,12.77642822265625,-1.5984907150268555,0.09214572396277036,0.2336126852106144,0.14146696124784403,-0.5484832788680768,1.5593776921401623e-07,0.548483434805846,False,"['the', 'older', 'other', 'all', 'young']","['the', 'all', 'other', 'older', 'some']",truncate
1780,10,65.0,34,process,7,5.26,7.839354511297983,29,women,5,5.57,7.790036689038194,6.956760406494141,7.347779273986816,-0.3910188674926758,0.0798168556071175,0.2100966730459939,0.1302798174388764,-0.480969041850576,7.316718741847606e-07,0.48096977352245024,False,"['people', 'individuals', 'adults', 'men', 'citizens']","['people', 'individuals', 'adults', 'men', 'citizens']",truncate
1781,10,65.0,34,process,7,5.26,7.839354511297983,30,rather,6,5.32,7.586584865016182,0.004536804743111134,0.0016901171766221523,0.0028466875664889812,0.0012789979612770493,0.002852245802315756,0.0015732478410387073,-0.9177721881746735,1.4835649729623128e-07,0.917772336531171,False,"['rather', 'more', 'other', ',', 'instead']","['rather', 'more', 'other', ',', 'better']",truncate
1782,10,65.0,34,process,7,5.26,7.839354511297983,31,than,4,6.13,0.008025753038310837,0.001012989436276257,0.0007435005391016603,0.0002694888971745968,0.00037431452327719593,0.000638332319928301,0.00026401779665110524,1.15525794184106,1.1552633551910991,5.41335003912147e-06,False,"['than', 'as', 'like', 'that', 'and']","['than', 'like', 'of', 'that', 'as']",truncate
1783,10,65.0,34,process,7,5.26,7.839354511297983,32,a,1,7.36,3.013348513084418,1.7885620594024658,0.26438087224960327,1.5241811871528625,1.1626954753925258,1.307051404817106,0.14435592942457942,-2.7502191274354493,6.47895047409086e-08,2.7502191922249546,False,"['a', 'the', 'their', 'any', 'some']","['a', 'the', 'just', 'something', 'entirely']",truncate
1784,10,65.0,34,process,7,5.26,7.839354511297983,33,natural,7,5.11,5.790889971185804,10.902538299560547,6.065897464752197,4.83664083480835,5.494429771455717,5.684065257287607,0.18963548583189077,-0.8256285415114228,0.000971618001459951,0.8266001595128828,False,"['social', 'political', 'business', 'legal', 'psychological']","['profession', 'choice', 'job', 'problem', 'disease']",truncate
