,text_id,sent_id,trigger_idx,trigger,trigger_len,trigger_freq,trigger_surp,target_idx,target,target_len,target_freq,target_surp,ji_surp,j_surp,pmi,e_pmi,e_ppmi,e_npmi,e_pmi_i,e_ppmi_i,e_npmi_i,is_multitok,top_j_preds,top_ji_preds,mask_type
0,4,5,1,dag,3,5.99,7.960270997142054,0,Deze,4,6.51,0.0,18.226572036743164,19.046175003051758,-0.8196029663085938,0.19272572686985492,0.38250256875862676,0.18977684188877214,-0.02568761741727585,0.2864748886092976,0.3121625060265735,False,"['、', ',', 'の', 'of', 'a']","['、', ',', 'の', 'of', '。']",mask
1,4,5,2,heeft,5,6.56,5.860712680986266,0,Deze,4,6.51,0.0,19.046175003051758,17.956819534301758,1.08935546875,0.5823552135712716,0.8794965621898566,0.2971413486185851,-0.2175813988834777,0.38495515199299124,0.6025365508764687,False,"['a', ',', '.', 'una', '、']","['、', ',', 'の', 'of', 'a']",mask
2,4,5,2,heeft,5,6.56,5.860712680986266,1,dag,3,5.99,7.960270997142054,18.26772117614746,16.86115264892578,1.4065685272216797,0.463566477987723,0.7311283592968124,0.26756188130908937,-0.14571756066503272,0.3945155693307422,0.5402331299957748,False,"[',', 'un', 'una', '、', '.']","[',', '、', 'の', 'of', '##s']",mask
3,4,5,3,verwantschap,12,2.97,22.48877829163946,0,Deze,4,6.51,0.0,17.956819534301758,16.918272018432617,1.0385475158691406,1.7924726526300203,2.150937397729892,0.3584647450998716,-1.6095339170423022,0.19654757814913446,1.8060814951914368,False,"['di', 'nos', 'de', 'en', 'din']","['a', ',', '.', 'una', '、']",mask
4,4,5,3,verwantschap,12,2.97,22.48877829163946,1,dag,3,5.99,7.960270997142054,16.86115264892578,16.64313507080078,0.218017578125,2.3668423583650604,2.659236222439745,0.2923938640746847,-1.7101800945648504,0.2544113942479288,1.9645914888127796,False,"['een', ',', 'is', '##n', 'stad']","[',', 'un', 'una', '、', '.']",mask
5,4,5,3,verwantschap,12,2.97,22.48877829163946,2,heeft,5,6.56,5.860712680986266,18.045162200927734,12.830960273742676,5.214201927185059,2.254295548408857,2.5179835603676715,0.2636880119588147,-1.7098540834643072,0.24384414632227913,1.9536982297865866,False,"[',', 'plaats', 'een', 'per', 'is']","[',', '、', 'of', 'の', '##n']",mask
6,4,5,4,met,3,7.0,0.15751949819402128,0,Deze,4,6.51,0.0,16.918272018432617,15.917659759521484,1.0006122589111328,0.27771522133226845,0.507843047338247,0.23012782600597856,-0.4324784390920315,0.20730778584544174,0.6397862249374734,False,"['di', 'nos', 'de', 'a', 'din']","['di', 'nos', 'de', 'en', 'din']",mask
7,4,5,4,met,3,7.0,0.15751949819402128,1,dag,3,5.99,7.960270997142054,16.64313507080078,15.77888298034668,0.8642520904541016,0.22458081235188004,0.4427128728069019,0.21813206045502187,0.08620739489207417,0.3588461902445891,0.2726387953525151,False,"[',', 'een', 'is', 'of', 'a']","['een', ',', 'is', '##n', 'stad']",mask
8,4,5,4,met,3,7.0,0.15751949819402128,2,heeft,5,6.56,5.860712680986266,12.830960273742676,9.586164474487305,3.244795799255371,0.607755715719902,0.9041589314460439,0.2964032157261418,-0.80152172326228,0.13960617114493368,0.9411278944072137,False,"['is', 'een', ',', 'plaats', 'was']","[',', 'plaats', 'een', 'per', 'is']",mask
9,4,5,4,met,3,7.0,0.15751949819402128,3,verwantschap,12,2.97,22.48877829163946,15.33926773071289,14.38762092590332,0.9516468048095703,0.794022814626674,1.097954693766327,0.3039318791396525,-0.3125588300598783,0.3727548677204084,0.6853136977802871,True,"[',', 'man', 'un', '""', 'come']","[',', 'un', '、', '.', '""']",mask
10,4,5,5,de,2,7.73,2.0041799825228988,0,Deze,4,6.51,0.0,15.917659759521484,14.668673515319824,1.2489862442016602,0.17254695826433905,0.3388242991177167,0.16627734085337767,0.00656235766441844,0.2534305478943836,0.24686819022996517,False,"['di', 'de', 'din', 'die', 'la']","['di', 'nos', 'de', 'a', 'din']",mask
11,4,5,5,de,2,7.73,2.0041799825228988,1,dag,3,5.99,7.960270997142054,15.77888298034668,15.334619522094727,0.4442634582519531,0.20678719915050653,0.4054295779130855,0.19864237876257893,0.40700340335271007,0.5341059807390026,0.12710257738629244,False,"[',', 'is', 'plaats', 'a', 'een']","[',', 'een', 'is', 'of', 'a']",mask
12,4,5,5,de,2,7.73,2.0041799825228988,2,heeft,5,6.56,5.860712680986266,9.586164474487305,7.834629058837891,1.751535415649414,0.2257114861768556,0.4901920583317084,0.2644805721548528,-0.19378142945975327,0.17098624957423517,0.3647676790339884,False,"['is', 'een', ',', '##p', 'plaats']","['is', 'een', ',', 'plaats', 'was']",mask
13,4,5,5,de,2,7.73,2.0041799825228988,3,verwantschap,12,2.97,22.48877829163946,14.38762092590332,12.922866821289062,1.4647541046142578,0.5466767230161848,0.8380477564797083,0.2913710334635237,-0.2255462850521942,0.31713206823696677,0.542678353289161,True,"['come', 'per', '""', ',', 'man']","[',', 'man', 'un', '""', 'come']",mask
14,4,5,5,de,2,7.73,2.0041799825228988,4,met,3,7.0,0.15751949819402128,11.572183609008789,5.164543151855469,6.40764045715332,2.5474003440026682,2.8430327846603465,0.2956324406576775,-2.3663504397916375,0.1830896242360133,2.5494400640276513,False,"['tussen', 'van', ',', 'aan', 'tot']","[',', 'plaats', '""', '##s', 'de']",mask
15,4,5,6,Dag,3,5.99,6.815850462214928,0,Deze,4,6.51,0.0,14.668673515319824,14.74143123626709,-0.07275772094726562,1.1131077516483732,1.3839349699297294,0.27082721828135625,-0.8211352878107174,0.3382990460968306,1.159434333907548,False,"['de', 'die', 'din', 'en', 'di']","['di', 'de', 'din', 'die', 'la']",mask
16,4,5,6,Dag,3,5.99,6.815850462214928,1,dag,3,5.99,7.960270997142054,15.334619522094727,13.408246040344238,1.9263734817504883,0.20043280273335787,0.41642020234566574,0.21598739961230787,0.21124354159466727,0.4147441906863566,0.20350064909168933,False,"[',', 'stad', 'plaats', 'is', 'naam']","[',', 'is', 'plaats', 'a', 'een']",mask
17,4,5,6,Dag,3,5.99,6.815850462214928,2,heeft,5,6.56,5.860712680986266,7.834629058837891,5.039480209350586,2.7951488494873047,0.3139944742203979,0.4575304468174392,0.1435359725970415,-0.68795753649446,0.24643008454893542,0.9343876210433952,False,"['is', ',', 'een', 'heeft', 'de']","['is', 'een', ',', '##p', 'plaats']",mask
18,4,5,6,Dag,3,5.99,6.815850462214928,3,verwantschap,12,2.97,22.48877829163946,12.922866821289062,11.509492874145508,1.4133739471435547,1.5636339903440108,1.8883749093984958,0.32474091905448427,-0.3537386835605741,0.6026415595073935,0.9563802430679674,True,"['een', 'de', 'haar', ',', 'come']","['come', 'per', '""', ',', 'man']",mask
19,4,5,6,Dag,3,5.99,6.815850462214928,4,met,3,7.0,0.15751949819402128,5.164543151855469,4.542072296142578,0.6224708557128906,1.7421723003015175,2.036707273360987,0.2945349730594696,-2.8273131872089423,0.033387235049769225,2.8607004222587116,False,"['aan', 'van', 'met', 'tussen', 'tot']","['tussen', 'van', ',', 'aan', 'tot']",mask
20,4,5,6,Dag,3,5.99,6.815850462214928,5,de,2,7.73,2.0041799825228988,4.666435718536377,2.7633261680603027,1.9031095504760742,0.9064029846886098,1.137668716034162,0.23126573134555253,-0.9703194359514645,0.35856168063777555,1.3288811165892402,False,"['de', ',', '""', '.', ':']","[',', '""', 'de', '.', 'name']",mask
21,4,5,7,van,3,7.51,0.12409404175194007,0,Deze,4,6.51,0.0,14.74143123626709,15.040740966796875,-0.29930973052978516,0.17977955859174125,0.40613814161249,0.2263585830207487,-0.6897535781833902,0.15082823392092132,0.8405818121043119,False,"['de', 'din', 'die', 'een', 'en']","['de', 'die', 'din', 'en', 'di']",mask
22,4,5,7,van,3,7.51,0.12409404175194007,1,dag,3,5.99,7.960270997142054,13.408246040344238,12.781133651733398,0.6271123886108398,0.25032451379389464,0.47725441920739387,0.22692990541349908,-0.08002168736132312,0.285577872840582,0.36559956020190515,False,"['naam', 'plaats', 'stad', 'is', ',']","[',', 'stad', 'plaats', 'is', 'naam']",mask
23,4,5,7,van,3,7.51,0.12409404175194007,2,heeft,5,6.56,5.860712680986266,5.039480209350586,3.7252612113952637,1.3142189979553223,0.22492579891587963,0.3891131793943899,0.16418738047851028,-0.8009492034093993,0.1200105476910842,0.9209597511004831,False,"['is', 'heeft', 'te', 'een', 'de']","['is', ',', 'een', 'heeft', 'de']",mask
24,4,5,7,van,3,7.51,0.12409404175194007,3,verwantschap,12,2.97,22.48877829163946,11.509492874145508,11.088278770446777,0.42121410369873047,0.3249024314632444,0.563828393039863,0.2389259615766186,0.17311182804155523,0.47514276876433237,0.30203094072277714,True,"['is', 'haar', 'come', 'een', 'din']","['een', 'de', 'haar', ',', 'come']",mask
25,4,5,7,van,3,7.51,0.12409404175194007,4,met,3,7.0,0.15751949819402128,4.542072296142578,1.0243483781814575,3.5177239179611206,1.3456172362798198,1.7811681797845855,0.43555094350476514,-1.2477335419658522,0.06537081073659795,1.3131043527024508,False,"['met', 'aan', 'van', 'tussen', 'op']","['aan', 'van', 'met', 'tussen', 'tot']",mask
26,4,5,7,van,3,7.51,0.12409404175194007,5,de,2,7.73,2.0041799825228988,2.7633261680603027,1.5721577405929565,1.1911684274673462,0.3449664742907051,0.6321745219493682,0.2872080476586632,-0.46612728319033686,0.176194522816642,0.642321806006979,False,"['de', '""', ',', '.', ':']","['de', ',', '""', '.', ':']",mask
27,4,5,7,van,3,7.51,0.12409404175194007,6,Dag,3,5.99,6.815850462214928,18.580583572387695,15.825065612792969,2.7555179595947266,1.8332258814820086,2.134963660723822,0.3017377792418126,-2.017075125573893,0.1641366757000455,2.181211801273938,False,"['name', 'plaats', 'naam', 'website', 'volgende']","['""', ',', 'de', 'name', 'plaats']",mask
28,4,5,8,de,2,7.73,0.3832060809473876,0,Deze,4,6.51,0.0,15.040740966796875,14.755401611328125,0.28533935546875,0.04086140170485855,0.11700838540236735,0.07614698369750879,0.06136761863879341,0.20417046531296462,0.14280284667417123,False,"['de', 'een', 'die', 'din', 'la']","['de', 'din', 'die', 'een', 'en']",mask
29,4,5,8,de,2,7.73,0.3832060809473876,1,dag,3,5.99,7.960270997142054,12.781133651733398,12.169364929199219,0.6117687225341797,0.07108058789480348,0.21322889464822026,0.14214830675341675,0.32889220909625316,0.3905610116656727,0.061668802569419444,False,"['naam', 'is', 'plaats', 'stad', ',']","['naam', 'plaats', 'stad', 'is', ',']",mask
30,4,5,8,de,2,7.73,0.3832060809473876,2,heeft,5,6.56,5.860712680986266,3.7252612113952637,3.329188823699951,0.3960723876953125,0.04152794214528737,0.1551229594337703,0.11359501728848291,-0.03266969563837303,0.175081738272274,0.2077514339106471,False,"['is', 'heeft', 'te', 'in', 'een']","['is', 'heeft', 'te', 'een', 'de']",mask
31,4,5,8,de,2,7.73,0.3832060809473876,3,verwantschap,12,2.97,22.48877829163946,11.088278770446777,11.373194694519043,-0.2849159240722656,0.11742993353228505,0.29335226097320377,0.17592232744091876,0.26697837866986196,0.4019714584316233,0.13499307976176145,True,"['""', 'is', 'haar', 'de', 'din']","['is', 'haar', 'come', 'een', 'din']",mask
32,4,5,8,de,2,7.73,0.3832060809473876,4,met,3,7.0,0.15751949819402128,1.0243483781814575,0.514772355556488,0.5095760226249695,0.17261708901842465,0.38934703979969804,0.21672995078127338,0.23631223947242228,0.3619526849938206,0.12564044552139828,False,"['met', 'aan', 'van', 'tussen', 'op']","['met', 'aan', 'van', 'tussen', 'op']",mask
33,4,5,8,de,2,7.73,0.3832060809473876,5,de,2,7.73,2.0041799825228988,1.5721577405929565,2.513604164123535,-0.9414464235305786,0.17536118622999106,0.39529288176743765,0.21993169553744657,0.4025752921635761,0.5009932724236824,0.09841798026010629,False,"['de', '""', ':', ',', '.']","['de', '""', ',', '.', ':']",mask
34,4,5,8,de,2,7.73,0.3832060809473876,6,Dag,3,5.99,6.815850462214928,15.825065612792969,13.857669830322266,1.9673957824707031,0.3837139127112076,0.6550639975709708,0.27135008485976325,0.3415571649091158,0.49839795277035787,0.15684078786124198,False,"['naam', 'name', 'volgende', 'plaats', 'date']","['name', 'plaats', 'naam', 'website', 'volgende']",mask
35,4,5,8,de,2,7.73,0.3832060809473876,7,van,3,7.51,0.12409404175194007,9.465493202209473,3.2612509727478027,6.20424222946167,1.138928783371612,1.4315536466249976,0.2926248632533859,-0.8209443219415203,0.25265264990587827,1.0735969718473986,False,"[',', 'van', 'de', 'of', ':']","[',', '""', ':', 'de', '.']",mask
36,4,5,9,"Aarde,",6,4.96,11.975373645992631,0,Deze,4,6.51,0.0,14.755401611328125,12.272383689880371,2.483017921447754,0.15529390236437757,0.31231602899234573,0.157022126627968,-0.412256051894161,0.3496815754749087,0.7619376273690697,False,"['de', 'die', 'een', 'la', 'haar']","['de', 'een', 'die', 'din', 'la']",mask
37,4,5,9,"Aarde,",6,4.96,11.975373645992631,1,dag,3,5.99,7.960270997142054,12.169364929199219,11.00015926361084,1.169205665588379,0.2562411328014651,0.4788699621012191,0.22262882929975408,0.004118894758960983,0.4352316901173953,0.43111279535843433,False,"['naam', ',', 'is', 'stad', 'op']","['naam', 'is', 'plaats', 'stad', ',']",mask
38,4,5,9,"Aarde,",6,4.96,11.975373645992631,2,heeft,5,6.56,5.860712680986266,3.329188823699951,2.408400535583496,0.9207882881164551,0.26475003606351605,0.548952347047527,0.28420231098401105,0.057468736865121516,0.45645327949951414,0.39898454263439254,False,"['is', 'heeft', 'te', 'in', ',']","['is', 'heeft', 'te', 'in', 'een']",mask
39,4,5,9,"Aarde,",6,4.96,11.975373645992631,3,verwantschap,12,2.97,22.48877829163946,11.373194694519043,11.441658020019531,-0.06846332550048828,2.4181614522299872,2.7593381170352393,0.341176664805253,-2.061956098838787,0.040192910049434226,2.1021490088882215,True,"['betrekking', 'verband', 'samen', 'gehad', 'bekend']","['""', 'is', 'haar', 'de', 'din']",mask
40,4,5,9,"Aarde,",6,4.96,11.975373645992631,4,met,3,7.0,0.15751949819402128,0.514772355556488,0.16372276842594147,0.35104958713054657,0.17738097802891775,0.3143465567266173,0.13696557869769954,-2.1261044922723724,0.008008532927653748,2.1341130252000253,False,"['met', 'aan', 'van', 'op', 'tussen']","['met', 'aan', 'van', 'tussen', 'op']",mask
41,4,5,9,"Aarde,",6,4.96,11.975373645992631,5,de,2,7.73,2.0041799825228988,2.513604164123535,0.7501037120819092,1.763500452041626,0.9785064126545089,1.2684889366209031,0.28998252396639423,-2.391134150308436,0.06063153142356107,2.451765681731998,False,"['de', ':', 'die', ',', 'den']","['de', '""', ':', ',', '.']",mask
42,4,5,9,"Aarde,",6,4.96,11.975373645992631,6,Dag,3,5.99,6.815850462214928,13.857669830322266,12.961995124816895,0.8956747055053711,1.304243713213158,1.5913751774572469,0.2871314642440885,-0.6247476301314349,0.5514943246396873,1.176241954771122,False,"['naam', 'name', 'geschiedenis', 'dood', 'van']","['naam', 'name', 'volgende', 'plaats', 'date']",mask
43,4,5,9,"Aarde,",6,4.96,11.975373645992631,7,van,3,7.51,0.12409404175194007,3.2612509727478027,0.2179444134235382,3.0433065593242645,2.4191670538713086,2.662339474042491,0.24317242017118276,-4.774042262550398,0.006831546642643817,4.780873809193043,False,"['van', 'aan', 'of', 'de', 'op']","[',', 'van', 'de', 'of', ':']",mask
44,4,5,9,"Aarde,",6,4.96,11.975373645992631,8,de,2,7.73,0.3832060809473876,4.105219841003418,0.07499826699495316,4.030221574008465,3.7658490113898733,3.8682295416349364,0.10238053024506169,-6.802866767672371,0.06418065313754774,6.867047420809919,False,"['de', 'der', 'die', 'De', 'onze']","['""', ',', 'de', '.', ':']",mask
45,4,5,10,een,3,7.41,5.105330976111836,0,Deze,4,6.51,0.0,12.272383689880371,12.648573875427246,-0.376190185546875,0.08140389025295487,0.17180191597504563,0.09039802572209078,-0.48324955026723404,0.1486820210319796,0.6319315712992136,False,"['de', 'die', 'een', 'der', 'la']","['de', 'die', 'een', 'la', 'haar']",mask
46,4,5,10,een,3,7.41,5.105330976111836,1,dag,3,5.99,7.960270997142054,11.00015926361084,10.446127891540527,0.5540313720703125,0.1260234005522071,0.2930703418993121,0.167046941347105,-0.06310808975394712,0.22264130994114242,0.28574939969508956,False,"['naam', ',', 'is', 'de', 'plaats']","['naam', ',', 'is', 'stad', 'op']",mask
47,4,5,10,een,3,7.41,5.105330976111836,2,heeft,5,6.56,5.860712680986266,2.408400535583496,1.3540143966674805,1.0543861389160156,0.28205955793554066,0.5696890768901232,0.28762951895458266,-0.9918480624525653,0.09540425209804947,1.087252314550615,False,"['heeft', 'is', 'in', 'te', 'had']","['is', 'heeft', 'te', 'in', ',']",mask
48,4,5,10,een,3,7.41,5.105330976111836,3,verwantschap,12,2.97,22.48877829163946,11.441658020019531,11.391715049743652,0.049942970275878906,0.386622609028344,0.5994853994015256,0.21286279037318145,-2.082791900102466,0.016042201798907155,2.098834101901374,True,"['betrekking', 'verband', 'samen', 'verbonden', 'gehad']","['betrekking', 'verband', 'samen', 'gehad', 'bekend']",mask
49,4,5,10,een,3,7.41,5.105330976111836,4,met,3,7.0,0.15751949819402128,0.16372276842594147,0.10735296458005905,0.056369803845882416,0.01824635207013252,0.05622362339946405,0.03797727132933151,-0.9382922708531274,0.04222008932903505,0.9805123601821624,False,"['met', 'aan', 'van', 'op', 'tussen']","['met', 'aan', 'van', 'op', 'tussen']",mask
50,4,5,10,een,3,7.41,5.105330976111836,5,de,2,7.73,2.0041799825228988,0.7501037120819092,0.8408437371253967,-0.09074002504348755,0.16420698702790323,0.32157115142627196,0.15736416439836876,-1.0781332215669928,0.03067952560026046,1.1088127471672533,False,"['de', ':', 'den', 'die', 'der']","['de', ':', 'die', ',', 'den']",mask
51,4,5,10,een,3,7.41,5.105330976111836,6,Dag,3,5.99,6.815850462214928,12.961995124816895,10.948912620544434,2.013082504272461,0.30628522618550075,0.5469594776042277,0.2406742514187271,-0.3526446690625695,0.13938989117549827,0.4920345602380678,False,"['naam', 'van', 'geschiedenis', 'dood', 'tijd']","['naam', 'name', 'geschiedenis', 'dood', 'van']",mask
52,4,5,10,een,3,7.41,5.105330976111836,7,van,3,7.51,0.12409404175194007,0.2179444134235382,0.08149612694978714,0.13644828647375107,0.062396725236614436,0.12950663961916098,0.06710991438254653,-2.095963677541608,0.0006712535945240132,2.0966349311361316,False,"['van', 'op', 'of', 'aan', 'de']","['van', 'aan', 'of', 'de', 'op']",mask
53,4,5,10,een,3,7.41,5.105330976111836,8,de,2,7.73,0.3832060809473876,0.07499826699495316,0.07449463754892349,0.0005036294460296631,0.009188895619295418,0.019964336233437307,0.010775440614141877,-0.3702448136482623,0.12271384552296322,0.4929586591712255,False,"['de', 'der', 'onze', 'den', 'die']","['de', 'der', 'die', 'De', 'onze']",mask
54,4,5,10,een,3,7.41,5.105330976111836,9,"Aarde,",6,4.96,11.975373645992631,18.872316360473633,15.845881462097168,3.026434898376465,0.9355566786376761,1.2544814671006743,0.3189247884629984,-0.14406989592089925,0.6198539829618986,0.7639238788827979,True,"[',', '""', 'de', 'plaats', 'name']","['""', ',', '.', 'de', '-']",mask
55,4,5,11,ander,5,5.37,8.784241436822832,0,Deze,4,6.51,0.0,12.648573875427246,11.206295013427734,1.4422788619995117,0.08897141263208705,0.23517596364015783,0.14620455100807078,1.1286473706155598,1.1627820734785712,0.03413470286301142,False,"['de', 'die', 'een', 'la', 'der']","['de', 'die', 'een', 'der', 'la']",mask
56,4,5,11,ander,5,5.37,8.784241436822832,1,dag,3,5.99,7.960270997142054,10.446127891540527,11.471519470214844,-1.0253915786743164,0.16867922435436847,0.38052290658040067,0.21184368222603225,0.3666569091027461,0.5043001162454512,0.1376432071427051,False,"['naam', 'is', ',', 'de', 'plaats']","['naam', ',', 'is', 'de', 'plaats']",mask
57,4,5,11,ander,5,5.37,8.784241436822832,2,heeft,5,6.56,5.860712680986266,1.3540143966674805,1.228665828704834,0.12534856796264648,0.07153371056008334,0.20203163877280808,0.13049792821272474,0.3604926381914229,0.5312766091482386,0.17078397095681555,False,"['heeft', 'is', 'geeft', 'in', 'had']","['heeft', 'is', 'in', 'te', 'had']",mask
58,4,5,11,ander,5,5.37,8.784241436822832,3,verwantschap,12,2.97,22.48877829163946,11.391715049743652,11.590415954589844,-0.1987009048461914,0.043672675921769655,0.14459190491417642,0.10091922899240675,-0.4705983032422275,0.05613926088867502,0.5267375641309024,True,"['betrekking', 'verband', 'samen', 'verbonden', 'gehad']","['betrekking', 'verband', 'samen', 'verbonden', 'gehad']",mask
59,4,5,11,ander,5,5.37,8.784241436822832,4,met,3,7.0,0.15751949819402128,0.10735296458005905,0.1041317880153656,0.003221176564693451,0.010098004876162893,0.023862960380120774,0.013764955503957886,-0.3185999409698342,0.11216289121503273,0.4307628321848669,False,"['met', 'aan', 'van', 'op', 'tussen']","['met', 'aan', 'van', 'op', 'tussen']",mask
60,4,5,11,ander,5,5.37,8.784241436822832,5,de,2,7.73,2.0041799825228988,0.8408437371253967,0.6198056936264038,0.22103804349899292,0.09422154143089743,0.2283850590994275,0.13416351766853005,-0.5207716253651261,0.07024133691845935,0.5910129622835854,False,"['de', ':', 'den', 'die', 'een']","['de', ':', 'den', 'die', 'der']",mask
61,4,5,11,ander,5,5.37,8.784241436822832,6,Dag,3,5.99,6.815850462214928,10.948912620544434,10.749076843261719,0.19983577728271484,0.11964486598213442,0.2995112463466958,0.1798663803645613,0.03741642796221904,0.2673104536747725,0.22989402571255352,False,"['tijd', 'naam', 'geschiedenis', 'van', 'waarde']","['naam', 'van', 'geschiedenis', 'dood', 'tijd']",mask
62,4,5,11,ander,5,5.37,8.784241436822832,7,van,3,7.51,0.12409404175194007,0.08149612694978714,0.026225220412015915,0.055270906537771225,0.026891913309817446,0.05427614637661524,0.0273842330667978,-2.0691047564479894,0.00023998967702482913,2.0693447461250143,False,"['van', 'aan', 'of', 'op', 'voor']","['van', 'op', 'of', 'aan', 'de']",mask
63,4,5,11,ander,5,5.37,8.784241436822832,8,de,2,7.73,0.3832060809473876,0.07449463754892349,0.05759959667921066,0.01689504086971283,0.006170503577121545,0.020255999771635603,0.014085496194514064,-0.7695334562234288,0.01844515941999393,0.787978615643423,False,"['de', 'onze', 'den', 'der', 'die']","['de', 'der', 'onze', 'den', 'die']",mask
64,4,5,11,ander,5,5.37,8.784241436822832,9,"Aarde,",6,4.96,11.975373645992631,15.845881462097168,16.214014053344727,-0.3681325912475586,0.2936991148630639,0.5322955430973362,0.23859642823427232,-0.1056401694067266,0.33355626688241174,0.43919643628913846,True,"['nu', 'name', 'een', '""', 'aan']","[',', '""', 'de', 'plaats', 'name']",mask
65,4,5,11,ander,5,5.37,8.784241436822832,10,een,3,7.41,5.105330976111836,7.701774597167969,3.573795795440674,4.127978801727295,1.534521820004162,1.8250533706441145,0.29053155063995273,-1.2723662073252278,0.39716506738818697,1.6695312747134146,False,"['de', 'een', 'en', 'of', 'het']","['de', 'is', '""', ',', '.']",mask
66,4,5,12,jaarlijks,9,4.64,6.0062886101704915,0,Deze,4,6.51,0.0,11.206295013427734,8.989065170288086,2.2172298431396484,0.21404578747193354,0.3826465067216851,0.16860071924975137,-0.08255350514486706,0.5365614625828824,0.6191149677277494,False,"['de', 'die', 'De', 'deze', 'een']","['de', 'die', 'een', 'la', 'der']",mask
67,4,5,12,jaarlijks,9,4.64,6.0062886101704915,1,dag,3,5.99,7.960270997142054,11.471519470214844,8.175920486450195,3.2955989837646484,0.5087096984165222,0.7684253206005494,0.2597156221840272,-0.46537155336611513,0.3621301275789874,0.8275016809451026,False,"['naam', '.', ',', 'is', 'op']","['naam', 'is', ',', 'de', 'plaats']",mask
68,4,5,12,jaarlijks,9,4.64,6.0062886101704915,2,heeft,5,6.56,5.860712680986266,1.228665828704834,1.3652571439743042,-0.13659131526947021,0.1250796866843402,0.2822397900702183,0.15716010338587807,-0.21246622314308503,0.22185419428140493,0.43432041742448996,False,"['heeft', 'is', 'houdt', 'geeft', 'ten']","['heeft', 'is', 'geeft', 'in', 'had']",mask
69,4,5,12,jaarlijks,9,4.64,6.0062886101704915,3,verwantschap,12,2.97,22.48877829163946,11.590415954589844,10.343039512634277,1.2473764419555664,0.8359989088599569,1.2003167243244675,0.3643178154645105,0.8612168204104885,1.157747795414273,0.2965309750037844,True,"['betrekking', 'samen', 'verband', ',', 'verbonden']","['betrekking', 'verband', 'samen', 'verbonden', 'gehad']",mask
70,4,5,12,jaarlijks,9,4.64,6.0062886101704915,4,met,3,7.0,0.15751949819402128,0.1041317880153656,0.051451947540044785,0.052679840475320816,0.019584609782731514,0.051520877326297544,0.03193626754356603,-1.6444797191254903,0.0025528146303075545,1.6470325337557983,False,"['met', 'aan', 'op', 'van', 'tussen']","['met', 'aan', 'van', 'op', 'tussen']",mask
71,4,5,12,jaarlijks,9,4.64,6.0062886101704915,5,de,2,7.73,2.0041799825228988,0.6198056936264038,0.2611476182937622,0.3586580753326416,0.17630765302617438,0.33590743787215893,0.1595997848459845,-1.3235858094541066,0.0723764738427744,1.3959622832968812,False,"['de', 'den', ':', 'die', 'het']","['de', ':', 'den', 'die', 'een']",mask
72,4,5,12,jaarlijks,9,4.64,6.0062886101704915,6,Dag,3,5.99,6.815850462214928,10.749076843261719,10.079325675964355,0.6697511672973633,0.3443914472064543,0.6005849035719378,0.25619345636548363,-0.2587599047206948,0.21465310525001383,0.4734130099707087,False,"['tijd', 'geschiedenis', 'van', 'waarde', 'dood']","['tijd', 'naam', 'geschiedenis', 'van', 'waarde']",mask
73,4,5,12,jaarlijks,9,4.64,6.0062886101704915,7,van,3,7.51,0.12409404175194007,0.026225220412015915,0.007109623868018389,0.019115596543997526,0.011177955209646892,0.019039582229711676,0.007861627020064781,-3.300031556080825,0.0003148761165959673,3.3003464321974216,False,"['van', 'op', 'voor', 'aan', 'of']","['van', 'aan', 'of', 'op', 'voor']",mask
74,4,5,12,jaarlijks,9,4.64,6.0062886101704915,8,de,2,7.73,0.3832060809473876,0.05759959667921066,0.040904365479946136,0.016695231199264526,0.00668577968919022,0.01980376793438259,0.013117988245192376,-0.6604425676900325,0.11654134810333626,0.7769839157933687,False,"['de', 'der', 'den', 'onze', 'die']","['de', 'onze', 'den', 'der', 'die']",mask
75,4,5,12,jaarlijks,9,4.64,6.0062886101704915,9,"Aarde,",6,4.96,11.975373645992631,16.214014053344727,13.949803352355957,2.2642107009887695,0.4663066545005515,0.742159914966053,0.2758532604655014,-0.5570177424354678,0.22737758479094777,0.7843953272264155,True,"['.', 'dood', 'nu', 'aan', 'week']","['nu', 'name', 'een', '""', 'aan']",mask
76,4,5,12,jaarlijks,9,4.64,6.0062886101704915,10,een,3,7.41,5.105330976111836,3.573795795440674,2.1211559772491455,1.4526398181915283,1.2214788729487531,1.4723886724061241,0.25090979945737113,-3.159181175849265,0.051234988514626156,3.210416164363891,False,"['het', 'een', 'de', 'en', 'met']","['de', 'een', 'en', 'of', 'het']",mask
77,4,5,12,jaarlijks,9,4.64,6.0062886101704915,11,ander,5,5.37,8.784241436822832,12.198118209838867,7.990897178649902,4.207221031188965,2.632147386930753,2.8653998973806103,0.23325251044985776,-2.7635431819073033,0.3343961361413916,3.0979393180486956,False,"['""', ""'"", 'andere', 'jaarlijks', 'tweede']","['de', '-', 'name', '""', 'een']",mask
78,4,5,13,evenement,9,4.68,1.3172822565247309,0,Deze,4,6.51,0.0,8.989065170288086,7.267419338226318,1.7216458320617676,0.2723944727151204,0.3921564848457199,0.11976201213059946,-0.2881270206115702,0.1683431648070728,0.45647018541864287,False,"['de', 'De', 'die', 'Die', 'deze']","['de', 'die', 'De', 'deze', 'een']",mask
79,4,5,13,evenement,9,4.68,1.3172822565247309,1,dag,3,5.99,7.960270997142054,8.175920486450195,5.824169158935547,2.3517513275146484,0.681104232977765,0.9697577374499363,0.2886535044721712,-0.24451633192042593,0.2342921907443524,0.47880852266477825,False,"['vereniging', 'naam', '.', 'plaats', 'stad']","['naam', '.', ',', 'is', 'op']",mask
80,4,5,13,evenement,9,4.68,1.3172822565247309,2,heeft,5,6.56,5.860712680986266,1.3652571439743042,1.2631577253341675,0.10209941864013672,0.09764488572137749,0.22962303835498224,0.13197815263360474,-0.7823594567219192,0.06059938894990694,0.842958845671826,False,"['heeft', 'is', 'houdt', 'geeft', 'maakt']","['heeft', 'is', 'houdt', 'geeft', 'ten']",mask
81,4,5,13,evenement,9,4.68,1.3172822565247309,3,verwantschap,12,2.97,22.48877829163946,10.343039512634277,10.20702838897705,0.13601112365722656,0.6331832446001362,0.9224818680748694,0.289298623474733,-0.4538097621524523,0.13002572886091693,0.5838354910133693,True,"[',', 'samen', 'betrekking', 'verband', 'plaats']","['betrekking', 'samen', 'verband', ',', 'verbonden']",mask
82,4,5,13,evenement,9,4.68,1.3172822565247309,4,met,3,7.0,0.15751949819402128,0.051451947540044785,0.048653826117515564,0.0027981214225292206,0.0028593263061748217,0.008350257079443424,0.0054909307732686,-0.6352335696887721,0.03980398181834799,0.67503755150712,False,"['met', 'aan', 'op', 'tot', 'van']","['met', 'aan', 'op', 'van', 'tussen']",mask
83,4,5,13,evenement,9,4.68,1.3172822565247309,5,de,2,7.73,2.0041799825228988,0.2611476182937622,0.1008463054895401,0.1603013128042221,0.12057196077531533,0.18410611026143953,0.06353414948612415,-0.8512873185681437,0.06791108980469947,0.9191984083728433,False,"['de', 'het', 'De', ':', 'den']","['de', 'den', ':', 'die', 'het']",mask
84,4,5,13,evenement,9,4.68,1.3172822565247309,6,Dag,3,5.99,6.815850462214928,10.079325675964355,6.498945713043213,3.5803799629211426,0.521600066114316,0.7985187597346621,0.27691869362034605,-0.29112320406062897,0.17635269911094545,0.4674759031715746,False,"['Nacht', 'geschiedenis', 'Held', 'Kerk', 'dood']","['tijd', 'geschiedenis', 'van', 'waarde', 'dood']",mask
85,4,5,13,evenement,9,4.68,1.3172822565247309,7,van,3,7.51,0.12409404175194007,0.007109623868018389,0.0104074003174901,-0.003297776449471712,0.002016853886317729,0.005721467364688952,0.003704613478371223,0.7910818685088281,0.8299142792876256,0.0388324107787975,False,"['van', 'op', 'voor', 'aan', 'over']","['van', 'op', 'voor', 'aan', 'of']",mask
86,4,5,13,evenement,9,4.68,1.3172822565247309,8,de,2,7.73,0.3832060809473876,0.040904365479946136,0.037640102207660675,0.0032642632722854614,0.009165358776543772,0.0168318702415451,0.007666511465001316,0.344985388371361,0.46364503313186234,0.11865964476050132,False,"['de', 'De', 'die', 'der', 'het']","['de', 'der', 'den', 'onze', 'die']",mask
87,4,5,13,evenement,9,4.68,1.3172822565247309,9,"Aarde,",6,4.96,11.975373645992631,13.949803352355957,12.064436912536621,1.885366439819336,0.37145920690270445,0.5928229503867491,0.22136374348404472,0.11883522892294003,0.3726272756520163,0.25379204672907635,True,"['week', 'dood', '.', 'muziek', 'op']","['.', 'dood', 'nu', 'aan', 'week']",mask
88,4,5,13,evenement,9,4.68,1.3172822565247309,10,een,3,7.41,5.105330976111836,2.1211559772491455,1.196914553642273,0.9242414236068726,0.47588518222593146,0.6478821856023721,0.1719970033764405,-1.6174920863893332,0.09722229993496595,1.7147143863242993,False,"['een', 'het', 'dit', 'met', 'de']","['het', 'een', 'de', 'en', 'met']",mask
89,4,5,13,evenement,9,4.68,1.3172822565247309,11,ander,5,5.37,8.784241436822832,7.990897178649902,6.8432135581970215,1.1476836204528809,1.4551832255484711,1.795769736467342,0.3405865109188705,-1.503940400305338,0.24619606248507653,1.7501364627904146,False,"['jaarlijks', 'internationaal', 'niet', 'vrij', 'internationale']","['""', ""'"", 'andere', 'jaarlijks', 'tweede']",mask
90,4,5,13,evenement,9,4.68,1.3172822565247309,12,jaarlijks,9,4.64,6.0062886101704915,17.328771591186523,7.654514789581299,9.674256801605225,5.339773697091586,5.553046813572731,0.21327311648114736,-0.17247159983945679,0.8753063561206146,1.0477779559600713,False,"['internationale', 'Europese', 'internationaal', 'nationale', 'international']","['de', '-', '.', 'of', ',']",mask
91,4,5,14,met,3,7.0,5.429462473282928,0,Deze,4,6.51,0.0,7.267419338226318,6.124061584472656,1.143357753753662,0.12868595619380624,0.3496550297227792,0.22096907352897302,0.20153924093211661,0.27011532593283955,0.06857608500072292,False,"['de', 'De', 'die', 'Die', 'Deze']","['de', 'De', 'die', 'Die', 'deze']",mask
92,4,5,14,met,3,7.0,5.429462473282928,1,dag,3,5.99,7.960270997142054,5.824169158935547,4.642652988433838,1.181516170501709,0.20025469668233314,0.41688661300212054,0.2166319163197874,-0.635221621156612,0.04356549908478183,0.6787871202413939,False,"['stad', 'dag', 'plaats', 'vereniging', 'naam']","['vereniging', 'naam', '.', 'plaats', 'stad']",mask
93,4,5,14,met,3,7.0,5.429462473282928,2,heeft,5,6.56,5.860712680986266,1.2631577253341675,1.0138916969299316,0.24926602840423584,0.05761405322617954,0.18644422129864066,0.12883016807246114,-0.7436757467720303,0.017519292494285646,0.7611950392663158,False,"['heeft', 'is', 'houdt', 'geeft', 'maakt']","['heeft', 'is', 'houdt', 'geeft', 'maakt']",mask
94,4,5,14,met,3,7.0,5.429462473282928,3,verwantschap,12,2.97,22.48877829163946,10.20702838897705,10.032820701599121,0.1742076873779297,0.40035930348289983,0.697114184175891,0.29675488069299083,0.5883684638982962,0.6867086862848562,0.09834022238655953,True,"['betrekking', 'samen', ',', 'plaats', 'verband']","[',', 'samen', 'betrekking', 'verband', 'plaats']",mask
95,4,5,14,met,3,7.0,5.429462473282928,4,met,3,7.0,0.15751949819402128,0.048653826117515564,0.017908576875925064,0.0307452492415905,0.014194133744742526,0.030627083986059702,0.01643295024131717,-1.3265811575777977,0.0025234738265521297,1.3291046314043495,False,"['met', 'aan', 'op', 'tot', 'van']","['met', 'aan', 'op', 'tot', 'van']",mask
96,4,5,14,met,3,7.0,5.429462473282928,5,de,2,7.73,2.0041799825228988,0.1008463054895401,0.10962902009487152,-0.008782714605331421,0.007778933279632306,0.025654096782050086,0.017875163502417777,-0.18306988472629657,0.05442063337028537,0.23749051809658206,False,"['de', 'het', 'De', ':', 'den']","['de', 'het', 'De', ':', 'den']",mask
97,4,5,14,met,3,7.0,5.429462473282928,6,Dag,3,5.99,6.815850462214928,6.498945713043213,5.513260841369629,0.985684871673584,0.2106591285899218,0.4265786378364459,0.21591950924652414,-0.21805983430569312,0.0590581200547117,0.27711795436040476,False,"['dag', 'Nacht', 'geschiedenis', 'dagen', 'Dag']","['Nacht', 'geschiedenis', 'Held', 'Kerk', 'dood']",mask
98,4,5,14,met,3,7.0,5.429462473282928,7,van,3,7.51,0.12409404175194007,0.0104074003174901,0.016452619805932045,-0.006045219488441944,0.0026993766142294753,0.009138056493140527,0.006438679878911049,0.37467199629753156,0.3873205396212729,0.012648543323741074,False,"['van', 'op', 'voor', 'met', 'aan']","['van', 'op', 'voor', 'aan', 'over']",mask
99,4,5,14,met,3,7.0,5.429462473282928,8,de,2,7.73,0.3832060809473876,0.037640102207660675,0.033703237771987915,0.00393686443567276,0.001840293319361664,0.0070237472774740285,0.005183453958112366,-0.20301177913212515,0.03461825694619273,0.23763003607831787,False,"['de', 'De', 'die', 'het', 'der']","['de', 'De', 'die', 'der', 'het']",mask
100,4,5,14,met,3,7.0,5.429462473282928,9,"Aarde,",6,4.96,11.975373645992631,12.064436912536621,11.829690933227539,0.23474597930908203,0.13888273408693355,0.33284114013217286,0.19395840604523934,0.02632272254698286,0.1504833403095841,0.12416061776260125,True,"['muziek', '.', 'dag', 'week', 'dood']","['week', 'dood', '.', 'muziek', 'op']",mask
101,4,5,14,met,3,7.0,5.429462473282928,10,een,3,7.41,5.105330976111836,1.196914553642273,0.7778996825218201,0.4190148711204529,0.10417840393434165,0.28154713525385094,0.17736873131950934,-0.4641015534240387,0.11589246703465725,0.5799940204586959,False,"['een', 'het', 'en', 'met', 'de']","['een', 'het', 'dit', 'met', 'de']",mask
102,4,5,14,met,3,7.0,5.429462473282928,11,ander,5,5.37,8.784241436822832,6.8432135581970215,6.289648056030273,0.553565502166748,0.21472573865005953,0.4512309386669292,0.23650520001686967,0.052172037769819525,0.22767194457576473,0.17549990680594513,False,"['jaarlijks', 'internationaal', 'internationale', 'niet', 'Italiaans']","['jaarlijks', 'internationaal', 'niet', 'vrij', 'internationale']",mask
103,4,5,14,met,3,7.0,5.429462473282928,12,jaarlijks,9,4.64,6.0062886101704915,7.654514789581299,7.577779769897461,0.07673501968383789,0.4127929709397469,0.7028995714292284,0.29010660048948156,0.05779758724991607,0.4358603712362721,0.37806278398635595,False,"['internationale', 'Europese', 'bekend', 'soort', 'internationaal']","['internationale', 'Europese', 'internationaal', 'nationale', 'international']",mask
104,4,5,14,met,3,7.0,5.429462473282928,13,evenement,9,4.68,1.3172822565247309,9.43838119506836,6.745008945465088,2.6933722496032715,1.2916276717851025,1.6354078476214267,0.3437801758363245,-1.881030009866176,0.1800038754596682,2.061033885325844,True,"['##e', 'jaarlijks', ',', '##ement', 'jaar']","['##e', '-', 'jaarlijks', '.', 'van']",mask
105,4,5,15,als,3,6.8,4.1244877936113085,0,Deze,4,6.51,0.0,6.124061584472656,5.635232448577881,0.4888291358947754,0.17248948724763827,0.43093960854645535,0.2584501212988171,-0.5234786047659218,0.044649644800844476,0.5681282495667662,False,"['De', 'de', 'Die', 'Deze', 'die']","['de', 'De', 'die', 'Die', 'Deze']",mask
106,4,5,15,als,3,6.8,4.1244877936113085,1,dag,3,5.99,7.960270997142054,4.642652988433838,1.2800748348236084,3.3625781536102295,1.268049519180268,1.662818307600596,0.39476878842032714,-1.3655900254979643,0.003936157194931086,1.3695261826928953,False,"['dag', 'Dag', 'datum', 'dagen', 'stad']","['stad', 'dag', 'plaats', 'vereniging', 'naam']",mask
107,4,5,15,als,3,6.8,4.1244877936113085,2,heeft,5,6.56,5.860712680986266,1.0138916969299316,0.9125015735626221,0.10139012336730957,0.05279035019726535,0.1539862065634681,0.10119585636620274,0.001445688872472382,0.1896785040213973,0.18823281514892495,False,"['heeft', 'is', 'maakt', 'houdt', 'geeft']","['heeft', 'is', 'houdt', 'geeft', 'maakt']",mask
108,4,5,15,als,3,6.8,4.1244877936113085,3,verwantschap,12,2.97,22.48877829163946,10.032820701599121,10.41737174987793,-0.3845510482788086,0.9329493089468911,1.294867847268133,0.3619185383212416,-0.7444679381114071,0.04917409010063461,0.7936420282120413,True,"[',', 'samen', 'betrekking', 'plaats', 'ook']","['betrekking', 'samen', ',', 'plaats', 'verband']",mask
109,4,5,15,als,3,6.8,4.1244877936113085,4,met,3,7.0,0.15751949819402128,0.017908576875925064,0.03071950003504753,-0.012810923159122467,0.0051758683714731345,0.018121879654655674,0.01294601128318254,-0.13487164165878562,0.1068132554141416,0.24168489707292723,False,"['met', 'aan', 'op', 'tot', 'van']","['met', 'aan', 'op', 'tot', 'van']",mask
110,4,5,15,als,3,6.8,4.1244877936113085,5,de,2,7.73,2.0041799825228988,0.10962902009487152,0.07819737493991852,0.031431645154953,0.010017281889837235,0.03263149318108139,0.022614211291244152,-0.5543295170202449,0.025846618785220526,0.5801761358054656,False,"['de', 'De', 'het', 'den', ':']","['de', 'het', 'De', ':', 'den']",mask
111,4,5,15,als,3,6.8,4.1244877936113085,6,Dag,3,5.99,6.815850462214928,5.513260841369629,2.993408679962158,2.5198521614074707,0.7347340931367514,1.0821036652439673,0.3473695721072158,-1.1507068579202437,0.010695360757448967,1.1614022186776924,False,"['dag', 'Dag', 'Nacht', 'Day', 'dagen']","['dag', 'Nacht', 'geschiedenis', 'dagen', 'Dag']",mask
112,4,5,15,als,3,6.8,4.1244877936113085,7,van,3,7.51,0.12409404175194007,0.016452619805932045,0.014773277565836906,0.0016793422400951385,0.0005217861500957154,0.0021949165410048523,0.0016731303909091372,-0.6161861374973077,0.013052828472283567,0.6292389659695913,False,"['van', 'op', 'voor', 'met', 'aan']","['van', 'op', 'voor', 'met', 'aan']",mask
113,4,5,15,als,3,6.8,4.1244877936113085,8,de,2,7.73,0.3832060809473876,0.033703237771987915,0.04710575193166733,-0.013402514159679413,0.005983378279962107,0.020049621504948326,0.01406624322498622,0.15900676086896898,0.258379939458332,0.099373178589363,False,"['de', 'De', 'die', 'la', 'der']","['de', 'De', 'die', 'het', 'der']",mask
114,4,5,15,als,3,6.8,4.1244877936113085,9,"Aarde,",6,4.96,11.975373645992631,11.829690933227539,10.544443130493164,1.285247802734375,0.21726537118624706,0.44369345078581396,0.22642807959956693,-0.6082316460713576,0.0982538612813157,0.7064855073526731,True,"['dag', 'Dag', 'muziek', 'stad', '.']","['muziek', '.', 'dag', 'week', 'dood']",mask
115,4,5,15,als,3,6.8,4.1244877936113085,10,een,3,7.41,5.105330976111836,0.7778996825218201,0.18841589987277985,0.5894837826490402,0.3318223734585614,0.5224876594984462,0.1906652860398847,-1.1140582657622922,0.04410578557059985,1.1581640513328921,False,"['een', 'het', 'dit', 'en', 'met']","['een', 'het', 'en', 'met', 'de']",mask
116,4,5,15,als,3,6.8,4.1244877936113085,11,ander,5,5.37,8.784241436822832,6.289648056030273,6.161230087280273,0.12841796875,0.1295645267461963,0.29264466501757347,0.16308013827137727,-0.21217529255410386,0.07939523796139876,0.2915705305155026,False,"['jaarlijks', 'internationaal', 'internationale', 'Italiaans', 'Amerikaans']","['jaarlijks', 'internationaal', 'internationale', 'niet', 'Italiaans']",mask
117,4,5,15,als,3,6.8,4.1244877936113085,12,jaarlijks,9,4.64,6.0062886101704915,7.577779769897461,6.272312164306641,1.3054676055908203,0.5318196312030643,0.8055059826431213,0.27368635144005704,-1.5284199939206686,0.05097809161634157,1.57939808553701,False,"['internationale', 'Europese', 'internationaal', 'Europees', 'soort']","['internationale', 'Europese', 'bekend', 'soort', 'internationaal']",mask
118,4,5,15,als,3,6.8,4.1244877936113085,13,evenement,9,4.68,1.3172822565247309,6.745008945465088,8.342273712158203,-1.5972647666931152,0.575245699260252,0.8232271369491165,0.24798143768886466,-0.11994705648735084,0.281565966042892,0.40151302253024285,True,"['##e', ',', 'jaarlijks', 'jaar', '##ement']","['##e', 'jaarlijks', ',', '##ement', 'jaar']",mask
119,4,5,15,als,3,6.8,4.1244877936113085,14,met,3,7.0,5.429462473282928,5.22534704208374,2.4383506774902344,2.786996364593506,3.5430976470838043,3.7650095035288276,0.2219118564450236,-1.7531011305115405,0.24005180117373828,1.9931529316852792,False,"['met', 'bekend', ',', 'aangeduid', 'dat']","['.', 'van', ',', ':', 'met']",mask
120,4,5,16,doelstelling,12,3.98,10.564166919497012,0,Deze,4,6.51,0.0,5.635232448577881,4.242608070373535,1.3926243782043457,0.3108970481299559,0.571285374290475,0.26038832616051916,-1.8457873225872585,0.0027580289994407173,1.8485453515866985,False,"['De', 'de', 'Deze', 'Die', 'Het']","['De', 'de', 'Die', 'Deze', 'die']",mask
121,4,5,16,doelstelling,12,3.98,10.564166919497012,1,dag,3,5.99,7.960270997142054,1.2800748348236084,0.36005446314811707,0.9200203716754913,0.5463452659916617,0.7531663413515276,0.2068210753598661,-3.0637342474721048,0.0005942850375600024,3.0643285325096654,False,"['dag', 'Dag', 'datum', 'dagen', 'maand']","['dag', 'Dag', 'datum', 'dagen', 'stad']",mask
122,4,5,16,doelstelling,12,3.98,10.564166919497012,2,heeft,5,6.56,5.860712680986266,0.9125015735626221,0.9090103507041931,0.003491222858428955,0.06119582062134828,0.15272597776732733,0.09153015714597905,0.2312776784225413,0.42352745595279623,0.1922497775302549,False,"['heeft', 'is', 'maakt', 'houdt', 'had']","['heeft', 'is', 'maakt', 'houdt', 'geeft']",mask
123,4,5,16,doelstelling,12,3.98,10.564166919497012,3,verwantschap,12,2.97,22.48877829163946,10.41737174987793,10.975421905517578,-0.5580501556396484,0.0738032793816075,0.18570188258229273,0.11189860320068533,-0.8261973515924668,0.029684588970695956,0.8558819405631626,True,"[',', 'samen', 'betrekking', 'plaats', 'verband']","[',', 'samen', 'betrekking', 'plaats', 'ook']",mask
124,4,5,16,doelstelling,12,3.98,10.564166919497012,4,met,3,7.0,0.15751949819402128,0.03071950003504753,0.019527943804860115,0.011191556230187416,0.002698621205777885,0.011075434885930734,0.008376813680152853,-1.4813178688762358,0.0020958990834942983,1.4834137679597308,False,"['met', 'aan', 'op', 'tot', 'van']","['met', 'aan', 'op', 'tot', 'van']",mask
125,4,5,16,doelstelling,12,3.98,10.564166919497012,5,de,2,7.73,2.0041799825228988,0.07819737493991852,0.07123089581727982,0.006966479122638702,0.009374644233228481,0.022983803352462116,0.013609159119233634,-1.4032129033749152,0.006325478138518124,1.409538381513434,False,"['de', 'De', 'het', 'den', 'Den']","['de', 'De', 'het', 'den', ':']",mask
126,4,5,16,doelstelling,12,3.98,10.564166919497012,6,Dag,3,5.99,6.815850462214928,2.993408679962158,1.8274366855621338,1.1659719944000244,0.4304861742593245,0.677957422716184,0.2474712484568595,-2.2735702162003246,0.0012751148091863294,2.2748453310095114,False,"['dag', 'Dag', 'Day', 'dagen', 'Nacht']","['dag', 'Dag', 'Nacht', 'Day', 'dagen']",mask
127,4,5,16,doelstelling,12,3.98,10.564166919497012,7,van,3,7.51,0.12409404175194007,0.014773277565836906,0.011790941469371319,0.0029823360964655876,0.0011648682122423232,0.003830449816337583,0.00266558160409526,-1.4242523347922658,0.005776019711452475,1.430028354503719,False,"['van', 'op', 'voor', 'met', 'aan']","['van', 'op', 'voor', 'met', 'aan']",mask
128,4,5,16,doelstelling,12,3.98,10.564166919497012,8,de,2,7.73,0.3832060809473876,0.04710575193166733,0.021560190245509148,0.02554556168615818,0.012505798822477668,0.025645441518348133,0.013139642695870458,-1.9863685587427122,0.004376817662983038,1.9907453764056957,False,"['de', 'De', 'den', 'het', 'die']","['de', 'De', 'die', 'la', 'der']",mask
129,4,5,16,doelstelling,12,3.98,10.564166919497012,9,"Aarde,",6,4.96,11.975373645992631,10.544443130493164,9.737574577331543,0.8068685531616211,0.6425463939032675,0.9497876917591794,0.3072412978559118,-1.0299008841700494,0.0421638797497458,1.0720647639197955,True,"['Dag', 'dag', 'Mens', 'Kerk', 'stad']","['dag', 'Dag', 'muziek', 'stad', '.']",mask
130,4,5,16,doelstelling,12,3.98,10.564166919497012,10,een,3,7.41,5.105330976111836,0.18841589987277985,0.07306495308876038,0.11535094678401947,0.057647736282434914,0.11286721613090057,0.05521947984846568,-1.088534805066049,0.0219378684188349,1.110472673484884,False,"['een', 'het', 'dit', 'en', 'één']","['een', 'het', 'dit', 'en', 'met']",mask
131,4,5,16,doelstelling,12,3.98,10.564166919497012,11,ander,5,5.37,8.784241436822832,6.161230087280273,4.921487808227539,1.2397422790527344,0.25231158272861465,0.46045161962656095,0.20814003689794625,-0.4266975743090624,0.1549764053029324,0.5816739796119949,False,"['jaarlijks', 'Nederlands', 'ander', 'Amerikaans', 'internationaal']","['jaarlijks', 'internationaal', 'internationale', 'Italiaans', 'Amerikaans']",mask
132,4,5,16,doelstelling,12,3.98,10.564166919497012,12,jaarlijks,9,4.64,6.0062886101704915,6.272312164306641,4.702162742614746,1.5701494216918945,0.24872080200886593,0.47837921066056166,0.22965840865169576,-0.3958307039278708,0.15949829644040997,0.5553290003682807,False,"['internationale', 'Europese', 'soort', 'jaarlijks', 'internationaal']","['internationale', 'Europese', 'internationaal', 'Europees', 'soort']",mask
133,4,5,16,doelstelling,12,3.98,10.564166919497012,13,evenement,9,4.68,1.3172822565247309,8.342273712158203,10.059122085571289,-1.716848373413086,0.465046200212732,0.7215904160309005,0.2565442158181685,-2.238309406963346,0.010483221879754727,2.2487926288431,True,"['jaarlijks', 'jaar', '##e', 'land', '##ag']","['##e', ',', 'jaarlijks', 'jaar', '##ement']",mask
134,4,5,16,doelstelling,12,3.98,10.564166919497012,14,met,3,7.0,5.429462473282928,2.4383506774902344,0.06711070239543915,2.3712399750947952,2.151306822474408,2.2670060009595847,0.1156991784851768,-4.246806208023463,0.004291121691777926,4.2510973297152415,False,"['met', 'dat', 'en', 'voor', ',']","['met', 'bekend', ',', 'aangeduid', 'dat']",mask
135,4,5,16,doelstelling,12,3.98,10.564166919497012,15,als,3,6.8,4.1244877936113085,8.747071266174316,4.815129280090332,3.9319419860839844,1.886295282878998,1.9707969334280115,0.08450165054901326,-5.089604047108469,0.47268292818889435,5.562286975297363,False,"['de', 'als', 'het', 'die', 'ten']","['de', 'het', 'een', ':', 'dat']",mask
136,4,5,17,de,2,7.73,2.1865145086006206,0,Deze,4,6.51,0.0,4.242608070373535,4.063898086547852,0.1787099838256836,0.036470044959323024,0.13290796105056213,0.09643791609123908,-0.8922806268239245,0.0006553604514769369,0.8929359872754014,False,"['De', 'de', 'Deze', 'Die', 'Het']","['De', 'de', 'Deze', 'Die', 'Het']",mask
137,4,5,17,de,2,7.73,2.1865145086006206,1,dag,3,5.99,7.960270997142054,0.36005446314811707,0.22301314771175385,0.13704131543636322,0.06837044091939154,0.14448334429234758,0.07611290337295608,-1.6770679515815339,3.4599727353981534e-05,1.677102551308888,False,"['dag', 'Dag', 'datum', 'dagen', 'maand']","['dag', 'Dag', 'datum', 'dagen', 'maand']",mask
138,4,5,17,de,2,7.73,2.1865145086006206,2,heeft,5,6.56,5.860712680986266,0.9090103507041931,0.6830946803092957,0.22591567039489746,0.07444186146744806,0.2143641854248607,0.13992232395741275,-0.5783981649859397,0.016594978326919956,0.5949931433128598,False,"['heeft', 'had', 'is', 'maakt', 'kent']","['heeft', 'is', 'maakt', 'houdt', 'had']",mask
139,4,5,17,de,2,7.73,2.1865145086006206,3,verwantschap,12,2.97,22.48877829163946,10.975421905517578,12.07053279876709,-1.0951108932495117,0.04885199488101039,0.13275975487972466,0.08390775999871428,-0.6857844140352626,0.013379056183879537,0.6991634702191423,True,"[',', 'samen', 'plaats', 'betrekking', 'ook']","[',', 'samen', 'betrekking', 'plaats', 'verband']",mask
140,4,5,17,de,2,7.73,2.1865145086006206,4,met,3,7.0,0.15751949819402128,0.019527943804860115,0.013676531612873077,0.005851412191987038,0.0011948804635314378,0.005829483861746335,0.0046346033982149,-1.0417883163099049,0.0005340992424276355,1.0423224155523325,False,"['met', 'aan', 'op', 'tot', 'van']","['met', 'aan', 'op', 'tot', 'van']",mask
141,4,5,17,de,2,7.73,2.1865145086006206,5,de,2,7.73,2.0041799825228988,0.07123089581727982,0.03979509323835373,0.031435802578926086,0.010171286474219653,0.03058064619449575,0.0204093597202761,-0.9184866621621489,0.002342825055826116,0.920829487217975,False,"['de', 'De', 'het', 'den', 'een']","['de', 'De', 'het', 'den', 'Den']",mask
142,4,5,17,de,2,7.73,2.1865145086006206,6,Dag,3,5.99,6.815850462214928,1.8274366855621338,1.8004487752914429,0.026987910270690918,0.034871617695751894,0.10741225312515076,0.07254063542939884,-0.3110621700890386,0.021163950729759747,0.33222612081879854,False,"['dag', 'Dag', 'dagen', 'Day', 'Nacht']","['dag', 'Dag', 'Day', 'dagen', 'Nacht']",mask
143,4,5,17,de,2,7.73,2.1865145086006206,7,van,3,7.51,0.12409404175194007,0.011790941469371319,0.006320946849882603,0.005469994619488716,0.0017787446087472016,0.00544641393927338,0.003667669330526178,-1.2338578375256017,0.00026345452700291347,1.2341212920526052,False,"['van', 'voor', 'op', 'met', 'aan']","['van', 'op', 'voor', 'met', 'aan']",mask
144,4,5,17,de,2,7.73,2.1865145086006206,8,de,2,7.73,0.3832060809473876,0.021560190245509148,0.018978919833898544,0.0025812704116106033,0.0020473999464001927,0.0057708184520246526,0.00372341850562446,-0.443476221536455,0.011863799844181613,0.4553400213806366,False,"['de', 'De', 'het', 'der', 'den']","['de', 'De', 'den', 'het', 'die']",mask
145,4,5,17,de,2,7.73,2.1865145086006206,9,"Aarde,",6,4.96,11.975373645992631,9.737574577331543,9.681108474731445,0.056466102600097656,0.10330347717916331,0.26921847708067703,0.16591499990151362,-0.26683778827865556,0.0554061345943992,0.32224392287305487,True,"['Dag', 'dag', 'Kerk', 'Mens', 'stad']","['Dag', 'dag', 'Mens', 'Kerk', 'stad']",mask
146,4,5,17,de,2,7.73,2.1865145086006206,10,een,3,7.41,5.105330976111836,0.07306495308876038,0.07298390567302704,8.10474157333374e-05,0.0019837424075430515,0.007334651060504418,0.005350908652961366,-0.3336638289339155,0.03239599947995174,0.36605982841386714,False,"['een', 'het', 'dit', 'dus', 'één']","['een', 'het', 'dit', 'en', 'één']",mask
147,4,5,17,de,2,7.73,2.1865145086006206,11,ander,5,5.37,8.784241436822832,4.921487808227539,4.3210296630859375,0.6004581451416016,0.0683113774093595,0.21663751964147504,0.14832614223211554,-0.16949265223592883,0.04911304155290439,0.21860569378883327,False,"['jaarlijks', 'ander', 'Amerikaans', 'Nederlands', 'belangrijk']","['jaarlijks', 'Nederlands', 'ander', 'Amerikaans', 'internationaal']",mask
148,4,5,17,de,2,7.73,2.1865145086006206,12,jaarlijks,9,4.64,6.0062886101704915,4.702162742614746,4.03181266784668,0.6703500747680664,0.1266667748728043,0.3135830353100349,0.18691626043723056,0.24366371312679994,0.27041464334819076,0.02675093022139093,False,"['Europese', 'jaarlijks', 'ander', 'soort', 'internationale']","['internationale', 'Europese', 'soort', 'jaarlijks', 'internationaal']",mask
149,4,5,17,de,2,7.73,2.1865145086006206,13,evenement,9,4.68,1.3172822565247309,10.059122085571289,10.063199043273926,-0.004076957702636719,0.08951376816327296,0.23317994397581493,0.14366617581254193,-0.07758555591359775,0.1435545447598528,0.22114010067345055,True,"['jaar', 'jaarlijks', ',', '##e', 'land']","['jaarlijks', 'jaar', '##e', 'land', '##ag']",mask
150,4,5,17,de,2,7.73,2.1865145086006206,14,met,3,7.0,5.429462473282928,0.06711070239543915,0.02732883393764496,0.03978186845779419,0.022483526342791948,0.04103340746073743,0.018549881117945474,-1.4826867536345116,0.024411957933120343,1.5070987115676315,False,"['met', 'heeft', 'dat', 'voor', 'op']","['met', 'dat', 'en', 'voor', ',']",mask
151,4,5,17,de,2,7.73,2.1865145086006206,15,als,3,6.8,4.1244877936113085,4.815129280090332,2.795646905899048,2.019482374191284,0.15470114815516672,0.2961977286641016,0.1414965805089348,-0.8251038869272096,0.07916735107989814,0.9042712380071077,False,"['de', 'als', 'het', 'die', 'ten']","['de', 'als', 'het', 'die', 'ten']",mask
152,4,5,17,de,2,7.73,2.1865145086006206,16,doelstelling,12,3.98,10.564166919497012,6.973678112030029,2.2642409801483154,4.709437131881714,1.7500202013133725,2.0487258933875245,0.2987056920741519,-1.0248180001084477,0.11321976379458434,1.138037763903032,True,"['doel', 'naam', 'hoofd', 'titel', 'andere']","['als', '""', 'de', 'naam', 'ci']",mask
153,4,5,18,bewustwording,13,3.7,6.985605762108192,0,Deze,4,6.51,0.0,4.063898086547852,4.1394195556640625,-0.07552146911621094,0.019471417088310114,0.08000044653560984,0.060529029447299716,-0.7567392888098772,0.004433386840848907,0.7611726756507261,False,"['De', 'Deze', 'de', 'Die', 'Het']","['De', 'de', 'Deze', 'Die', 'Het']",mask
154,4,5,18,bewustwording,13,3.7,6.985605762108192,1,dag,3,5.99,7.960270997142054,0.22301314771175385,0.17667445540428162,0.04633869230747223,0.01579490097690907,0.048707608169706415,0.03291270719279734,-1.124575396910949,0.004776002766146181,1.1293513996770954,False,"['dag', 'Dag', 'dagen', 'datum', '##dag']","['dag', 'Dag', 'datum', 'dagen', 'maand']",mask
155,4,5,18,bewustwording,13,3.7,6.985605762108192,2,heeft,5,6.56,5.860712680986266,0.6830946803092957,0.7798035740852356,-0.09670889377593994,0.02510818516791373,0.11337178698401985,0.08826360181610611,0.10642788107556815,0.22103054986388293,0.11460266878831478,False,"['heeft', 'had', 'is', 'geeft', 'kent']","['heeft', 'had', 'is', 'maakt', 'kent']",mask
156,4,5,18,bewustwording,13,3.7,6.985605762108192,3,verwantschap,12,2.97,22.48877829163946,12.07053279876709,12.635899543762207,-0.5653667449951172,0.04928831974856258,0.12494169402855694,0.07565337427999434,-1.1140622843644723,0.0008955151082471713,1.1149577994727191,True,"[',', 'samen', 'plaats', 'ook', 'betrekking']","[',', 'samen', 'plaats', 'betrekking', 'ook']",mask
157,4,5,18,bewustwording,13,3.7,6.985605762108192,4,met,3,7.0,0.15751949819402128,0.013676531612873077,0.012811551801860332,0.0008649798110127449,0.0003580345278338693,0.0016057830620352397,0.0012477485342013703,-0.6704173377369078,0.004686268000307849,0.6751036057372158,False,"['met', 'aan', 'op', 'tot', 'van']","['met', 'aan', 'op', 'tot', 'van']",mask
158,4,5,18,bewustwording,13,3.7,6.985605762108192,5,de,2,7.73,2.0041799825228988,0.03979509323835373,0.04016508162021637,-0.0003699883818626404,0.0008210184052757542,0.004065814909084663,0.00324479650380891,-0.4457118845185835,0.02358128929623965,0.4692931738148232,False,"['de', 'De', 'het', 'den', 'Den']","['de', 'De', 'het', 'den', 'een']",mask
159,4,5,18,bewustwording,13,3.7,6.985605762108192,6,Dag,3,5.99,6.815850462214928,1.8004487752914429,1.979835033416748,-0.17938625812530518,0.13618742952538423,0.2745311165250056,0.13834368699962132,-1.9077239735483806,0.01789118019116902,1.9256151537395496,False,"['dag', 'Dag', 'dagen', 'Day', 'Nacht']","['dag', 'Dag', 'dagen', 'Day', 'Nacht']",mask
160,4,5,18,bewustwording,13,3.7,6.985605762108192,7,van,3,7.51,0.12409404175194007,0.006320946849882603,0.007835010066628456,-0.0015140632167458534,0.0003962852210234154,0.0020711049306491357,0.0016748197096257196,-0.2564496804427637,0.12439966185000893,0.3808493422927727,False,"['van', 'voor', 'op', 'met', 'aan']","['van', 'voor', 'op', 'met', 'aan']",mask
161,4,5,18,bewustwording,13,3.7,6.985605762108192,8,de,2,7.73,0.3832060809473876,0.018978919833898544,0.021724732592701912,-0.0027458127588033676,0.0014529062519845542,0.005661588110381779,0.004208681858397221,-0.5832853237428979,0.019854265147301674,0.6031395888901996,False,"['de', 'De', 'den', 'het', 'der']","['de', 'De', 'het', 'der', 'den']",mask
162,4,5,18,bewustwording,13,3.7,6.985605762108192,9,"Aarde,",6,4.96,11.975373645992631,9.681108474731445,8.481472969055176,1.1996355056762695,0.162654426087865,0.3619407367871208,0.19928631069925568,-0.7889568688920036,0.060304540153663495,0.849261409045667,True,"['Dag', 'dag', 'Kerk', 'Mens', 'Maas']","['Dag', 'dag', 'Kerk', 'Mens', 'stad']",mask
163,4,5,18,bewustwording,13,3.7,6.985605762108192,10,een,3,7.41,5.105330976111836,0.07298390567302704,0.05931559205055237,0.01366831362247467,0.0035520561047006124,0.014463018219413773,0.010910962114713159,-0.6984671325387813,0.01542244707564489,0.7138895796144262,False,"['een', 'het', 'dit', 'dus', 'Een']","['een', 'het', 'dit', 'dus', 'één']",mask
164,4,5,18,bewustwording,13,3.7,6.985605762108192,11,ander,5,5.37,8.784241436822832,4.3210296630859375,3.801215887069702,0.5198137760162354,0.04592023627931257,0.15941237919581921,0.1134921429165066,-0.14857420197685603,0.09548322621457392,0.24405742819142992,False,"['jaarlijks', 'ander', 'Nederlands', 'Amerikaans', 'dag']","['jaarlijks', 'ander', 'Amerikaans', 'Nederlands', 'belangrijk']",mask
165,4,5,18,bewustwording,13,3.7,6.985605762108192,12,jaarlijks,9,4.64,6.0062886101704915,4.03181266784668,4.112388610839844,-0.08057594299316406,0.08002191231109484,0.23645414641516196,0.15643223410406712,-0.1540574699118491,0.08721978827149604,0.24127725818334508,False,"['ander', 'jaarlijks', 'soort', 'Europese', 'internationale']","['Europese', 'jaarlijks', 'ander', 'soort', 'internationale']",mask
166,4,5,18,bewustwording,13,3.7,6.985605762108192,13,evenement,9,4.68,1.3172822565247309,10.063199043273926,10.340425491333008,-0.27722644805908203,0.08407409118016593,0.23707001995149193,0.15299592877132603,-0.15439933233022088,0.12794989142257115,0.282349223752792,True,"['jaarlijks', 'jaar', ',', 'land', 'dag']","['jaar', 'jaarlijks', ',', '##e', 'land']",mask
167,4,5,18,bewustwording,13,3.7,6.985605762108192,14,met,3,7.0,5.429462473282928,0.02732883393764496,0.02060611918568611,0.006722714751958847,0.0029831405674028096,0.009013389404534371,0.0060302488371315605,-0.8265315464151037,0.008164827452737418,0.8346963738678412,False,"['met', 'dat', 'voor', 'heeft', 'en']","['met', 'heeft', 'dat', 'voor', 'op']",mask
168,4,5,18,bewustwording,13,3.7,6.985605762108192,15,als,3,6.8,4.1244877936113085,2.795646905899048,1.414564609527588,1.38108229637146,0.2398460457600478,0.5266341258930652,0.2867880801330174,-0.15804495409324096,0.17729970590159327,0.33534465999483415,False,"['de', 'als', 'het', 'die', 'voor']","['de', 'als', 'het', 'die', 'ten']",mask
169,4,5,18,bewustwording,13,3.7,6.985605762108192,16,doelstelling,12,3.98,10.564166919497012,2.2642409801483154,0.4353881776332855,1.82885280251503,1.1843338244822845,1.4396214664844256,0.2552876420021411,-1.9340522853668045,0.08406680316381854,2.0181190885306233,True,"['doel', 'gevolg', 'belangrijkste', 'functie', 'hoofd']","['doel', 'naam', 'hoofd', 'titel', 'andere']",mask
170,4,5,18,bewustwording,13,3.7,6.985605762108192,17,de,2,7.73,2.1865145086006206,3.754072666168213,0.5382043123245239,3.215868353843689,2.3771478795616106,2.5706447353618587,0.19349685580024759,-4.404587979861349,0.053335468277565086,4.457923448138913,False,"['de', 'een', 'tot', 'het', ',']","['te', 'de', 'van', 'het', 'voor']",mask
171,4,5,19,van,3,7.51,1.4072405045802996,0,Deze,4,6.51,0.0,4.1394195556640625,3.939176559448242,0.2002429962158203,0.00891736509804545,0.04580563915820348,0.03688827406015803,-0.5349802175468646,1.001901163687527e-05,0.5349902365585019,False,"['De', 'Deze', 'de', 'Die', 'Het']","['De', 'Deze', 'de', 'Die', 'Het']",mask
172,4,5,19,van,3,7.51,1.4072405045802996,1,dag,3,5.99,7.960270997142054,0.17667445540428162,0.22954288125038147,-0.052868425846099854,0.016393931020290426,0.07153269026138506,0.055138759241094626,-0.45819455094981015,0.00010529068863108862,0.4582998416384412,False,"['dag', 'Dag', 'dagen', 'datum', '##dag']","['dag', 'Dag', 'dagen', 'datum', '##dag']",mask
173,4,5,19,van,3,7.51,1.4072405045802996,2,heeft,5,6.56,5.860712680986266,0.7798035740852356,0.7447870969772339,0.03501647710800171,0.009192899343543384,0.055295417117984295,0.046102517774440924,0.016019862731497532,0.028273747632551336,0.012253884901053806,False,"['heeft', 'had', 'kent', 'is', 'geeft']","['heeft', 'had', 'is', 'geeft', 'kent']",mask
174,4,5,19,van,3,7.51,1.4072405045802996,3,verwantschap,12,2.97,22.48877829163946,12.635899543762207,12.697463989257812,-0.06156444549560547,0.014410507550883687,0.09245443757820093,0.07804393002731727,-0.15293129901014318,0.0054197211487837385,0.1583510201589269,True,"[',', 'samen', 'plaats', 'ook', 'verband']","[',', 'samen', 'plaats', 'ook', 'betrekking']",mask
175,4,5,19,van,3,7.51,1.4072405045802996,4,met,3,7.0,0.15751949819402128,0.012811551801860332,0.012838448397815228,-2.689659595489502e-05,0.00010819673825258362,0.0007099204601707193,0.0006017237219181355,-0.35738950274013825,0.00031247766855276406,0.357701980408691,False,"['met', 'aan', 'op', 'tot', 'van']","['met', 'aan', 'op', 'tot', 'van']",mask
176,4,5,19,van,3,7.51,1.4072405045802996,5,de,2,7.73,2.0041799825228988,0.04016508162021637,0.035142265260219574,0.005022816359996796,0.0009090159577478435,0.006326779204520865,0.00541776324677302,-0.08242969111337374,0.002284560260569145,0.08471425137394288,False,"['de', 'De', 'het', 'den', 'Den']","['de', 'De', 'het', 'den', 'Den']",mask
177,4,5,19,van,3,7.51,1.4072405045802996,6,Dag,3,5.99,6.815850462214928,1.979835033416748,2.1781609058380127,-0.19832587242126465,0.006132517168026748,0.05800086002078026,0.05186834285275349,0.3776237551067433,0.3779056970460103,0.0002819419392671561,False,"['dag', 'Dag', 'dagen', '##dag', 'Day']","['dag', 'Dag', 'dagen', 'Day', 'Nacht']",mask
178,4,5,19,van,3,7.51,1.4072405045802996,7,van,3,7.51,0.12409404175194007,0.007835010066628456,0.006342193577438593,0.0014928164891898632,0.00020215603675854623,0.0014960662335701438,0.001293910196811597,-0.005625333323552777,0.009140282935219287,0.014765616258772065,False,"['van', 'voor', 'op', 'met', 'aan']","['van', 'voor', 'op', 'met', 'aan']",mask
179,4,5,19,van,3,7.51,1.4072405045802996,8,de,2,7.73,0.3832060809473876,0.021724732592701912,0.02284150756895542,-0.0011167749762535095,0.00022123335275570292,0.0016823815290361733,0.0014611481762804705,0.16820272633513553,0.16848218980472607,0.0002794634695905383,False,"['de', 'De', 'den', 'het', 'der']","['de', 'De', 'den', 'het', 'der']",mask
180,4,5,19,van,3,7.51,1.4072405045802996,9,"Aarde,",6,4.96,11.975373645992631,8.481472969055176,8.675790786743164,-0.19431781768798828,0.01651247788328434,0.10048669866882,0.08397422078553565,-0.1553130981063283,0.00028696803574428445,0.15560006614207256,True,"['Dag', 'dag', 'Kerk', 'Mens', 'Maan']","['Dag', 'dag', 'Kerk', 'Mens', 'Maas']",mask
181,4,5,19,van,3,7.51,1.4072405045802996,10,een,3,7.41,5.105330976111836,0.05931559205055237,0.06349468976259232,-0.0041790977120399475,0.0006968412921923923,0.006312838185722471,0.005615996893530079,0.1097883353164422,0.11495669592998808,0.0051683606135458394,False,"['een', 'het', 'dit', 'dus', 'elk']","['een', 'het', 'dit', 'dus', 'Een']",mask
182,4,5,19,van,3,7.51,1.4072405045802996,11,ander,5,5.37,8.784241436822832,3.801215887069702,4.221823215484619,-0.420607328414917,0.2865103461295974,0.5331008790405038,0.24659053291090624,-0.8121663893354706,0.002927844387059438,0.8150942337225299,False,"['jaarlijks', 'Nederlands', 'ander', 'Amerikaans', 'internationaal']","['jaarlijks', 'ander', 'Nederlands', 'Amerikaans', 'dag']",mask
183,4,5,19,van,3,7.51,1.4072405045802996,12,jaarlijks,9,4.64,6.0062886101704915,4.112388610839844,4.572788238525391,-0.4603996276855469,0.037152651007052714,0.14328654363419055,0.10613389262713786,0.17678494196162778,0.1784414177690029,0.0016564758073751786,False,"['ander', 'soort', 'Europese', 'jaarlijks', 'belangrijk']","['ander', 'jaarlijks', 'soort', 'Europese', 'internationale']",mask
184,4,5,19,van,3,7.51,1.4072405045802996,13,evenement,9,4.68,1.3172822565247309,10.340425491333008,9.623207092285156,0.7172183990478516,0.3979279967606762,0.6495278314551179,0.25159983469444175,1.2320750066211148,1.2574386459336662,0.025363639312551582,True,"['jaar', ',', 'jaarlijks', '##aar', 'land']","['jaarlijks', 'jaar', ',', 'land', 'dag']",mask
185,4,5,19,van,3,7.51,1.4072405045802996,14,met,3,7.0,5.429462473282928,0.02060611918568611,0.020364342257380486,0.00024177692830562592,0.0006675046506560296,0.0026856166435226584,0.002018111992866629,-0.4521971149898882,0.00333780528023549,0.4555349202701238,False,"['met', 'dat', 'voor', 'heeft', 'en']","['met', 'dat', 'voor', 'heeft', 'en']",mask
186,4,5,19,van,3,7.51,1.4072405045802996,15,als,3,6.8,4.1244877936113085,1.414564609527588,1.6113600730895996,-0.19679546356201172,0.010112828613235373,0.08203597327675857,0.0719231446635232,-0.03814367831945563,0.043009698304104796,0.08115337662356042,False,"['de', 'als', 'het', 'die', 'ten']","['de', 'als', 'het', 'die', 'voor']",mask
187,4,5,19,van,3,7.51,1.4072405045802996,16,doelstelling,12,3.98,10.564166919497012,0.4353881776332855,0.29306527972221375,0.14232289791107178,0.031303474246267435,0.11827138232717332,0.08696790808090596,-0.8646914409997587,9.970802345631312e-05,0.8647911490232151,True,"['doel', 'gevolg', 'belangrijkste', 'functie', 'hoofd']","['doel', 'gevolg', 'belangrijkste', 'functie', 'hoofd']",mask
188,4,5,19,van,3,7.51,1.4072405045802996,17,de,2,7.73,2.1865145086006206,0.5382043123245239,0.08104061335325241,0.4571636989712715,0.3059760067622762,0.4323142195145068,0.12633821275223064,-3.3897004415232015,0.0008139035233147498,3.390514345046517,False,"['de', 'een', 'het', 'tot', 'voor']","['de', 'een', 'tot', 'het', ',']",mask
189,4,5,19,van,3,7.51,1.4072405045802996,18,bewustwording,13,3.7,6.985605762108192,6.131739139556885,13.388578414916992,-7.256839275360107,2.94787958113198,3.167024525909038,0.2191449447770578,-3.9705467931863967,0.0006462242041525674,3.971193017390549,True,"['Dag', 'dag', 'Aarde', 'dood', 'plaats']","['dag', 'uit', 'af', 'ver', 'Aarde']",mask
190,4,5,20,ons,3,6.21,7.638322155814917,0,Deze,4,6.51,0.0,3.939176559448242,3.532219409942627,0.40695714950561523,0.022133754183685884,0.10024892000162969,0.07811516581794378,0.4037150574045634,0.40528874068220044,0.0015736832776369939,False,"['De', 'Deze', 'de', 'Die', 'Het']","['De', 'Deze', 'de', 'Die', 'Het']",mask
191,4,5,20,ons,3,6.21,7.638322155814917,1,dag,3,5.99,7.960270997142054,0.22954288125038147,0.30352461338043213,-0.07398173213005066,0.022696744511200517,0.09546205341027417,0.07276530889907365,-0.6625460993578401,0.00029796570957978065,0.6628440650674201,False,"['dag', 'Dag', 'dagen', 'datum', '##dag']","['dag', 'Dag', 'dagen', 'datum', '##dag']",mask
192,4,5,20,ons,3,6.21,7.638322155814917,2,heeft,5,6.56,5.860712680986266,0.7447870969772339,0.7669134140014648,-0.022126317024230957,0.02517136759953801,0.09701467020116915,0.07184330260163116,0.2608438539187713,0.28831603777386305,0.02747218385509187,False,"['heeft', 'had', 'is', 'ten', 'kent']","['heeft', 'had', 'kent', 'is', 'geeft']",mask
193,4,5,20,ons,3,6.21,7.638322155814917,3,verwantschap,12,2.97,22.48877829163946,12.697463989257812,13.060689926147461,-0.36322593688964844,0.0018191046936254344,0.012301414915825218,0.010482310222199783,0.10552817588738175,0.14018184329346342,0.034653667406081695,True,"[',', 'samen', 'ook', 'plaats', 'verband']","[',', 'samen', 'plaats', 'ook', 'verband']",mask
194,4,5,20,ons,3,6.21,7.638322155814917,4,met,3,7.0,0.15751949819402128,0.012838448397815228,0.01073587778955698,0.0021025706082582474,0.000310518265447251,0.0023864834212181385,0.0020759651557708887,0.2888817121472843,0.3086703729256185,0.01978866077833412,False,"['met', 'aan', 'op', 'van', 'tot']","['met', 'aan', 'op', 'tot', 'van']",mask
195,4,5,20,ons,3,6.21,7.638322155814917,5,de,2,7.73,2.0041799825228988,0.035142265260219574,0.02844197489321232,0.0067002903670072556,0.001538527165938003,0.007170442272663519,0.005631915106725518,-0.031923700561988726,0.04533384726914109,0.07725754783112983,False,"['de', 'De', 'het', 'den', 'die']","['de', 'De', 'het', 'den', 'Den']",mask
196,4,5,20,ons,3,6.21,7.638322155814917,6,Dag,3,5.99,6.815850462214928,2.1781609058380127,1.8181207180023193,0.36004018783569336,0.017675723771357753,0.10553169905223851,0.08785597528088082,0.0073393635613850615,0.16297884392570536,0.15563948036432024,False,"['dag', 'Dag', 'dagen', '##dag', 'Day']","['dag', 'Dag', 'dagen', '##dag', 'Day']",mask
197,4,5,20,ons,3,6.21,7.638322155814917,7,van,3,7.51,0.12409404175194007,0.006342193577438593,0.004858426284044981,0.001483767293393612,0.0005116332888984856,0.0018529708347110368,0.0013413375458125518,-0.3935997794531673,0.03896354866123445,0.43256332811440196,False,"['van', 'voor', 'op', 'Van', 'met']","['van', 'voor', 'op', 'met', 'aan']",mask
198,4,5,20,ons,3,6.21,7.638322155814917,8,de,2,7.73,0.3832060809473876,0.02284150756895542,0.07721210271120071,-0.05437059514224529,0.17466914933549965,0.23030421496744496,0.05563506563194526,0.5972851839954005,0.6686853019632544,0.07140011796785366,False,"['de', 'ons', 'onze', 'het', 'den']","['de', 'De', 'den', 'het', 'der']",mask
199,4,5,20,ons,3,6.21,7.638322155814917,9,"Aarde,",6,4.96,11.975373645992631,8.675790786743164,8.582983016967773,0.09280776977539062,0.04041512189933685,0.14214501360055723,0.10172989170122032,-0.0342961543144529,0.05825956696392653,0.09255572127837942,True,"['Dag', 'dag', 'Kerk', 'Mens', 'Maas']","['Dag', 'dag', 'Kerk', 'Mens', 'Maan']",mask
200,4,5,20,ons,3,6.21,7.638322155814917,10,een,3,7.41,5.105330976111836,0.06349468976259232,0.08932534605264664,-0.02583065629005432,0.006438571451526539,0.03105280899921178,0.024614237547685228,0.5324114188517488,0.538437932650344,0.006026513798595518,False,"['een', 'het', 'dit', 'dus', 'elk']","['een', 'het', 'dit', 'dus', 'elk']",mask
201,4,5,20,ons,3,6.21,7.638322155814917,11,ander,5,5.37,8.784241436822832,4.221823215484619,3.2806506156921387,0.9411725997924805,0.3238044695716014,0.5480411157020328,0.22423664613043137,0.990871088517293,1.0039992428575144,0.013128154340220997,False,"['jaarlijks', 'ander', 'Nederlands', 'Amerikaans', 'dag']","['jaarlijks', 'Nederlands', 'ander', 'Amerikaans', 'internationaal']",mask
202,4,5,20,ons,3,6.21,7.638322155814917,12,jaarlijks,9,4.64,6.0062886101704915,4.572788238525391,5.135462284088135,-0.5626740455627441,0.07697336506877993,0.23442860538896093,0.15745524032018107,-0.02661534471100342,0.07731366350235637,0.10392900821335978,False,"['ander', 'soort', 'groot', 'Europese', 'belangrijk']","['ander', 'soort', 'Europese', 'jaarlijks', 'belangrijk']",mask
203,4,5,20,ons,3,6.21,7.638322155814917,13,evenement,9,4.68,1.3172822565247309,9.623207092285156,10.140910148620605,-0.5177030563354492,0.17585467721331202,0.38049062770208725,0.2046359504887753,0.7000655460274119,0.7298292726055399,0.029763726578128365,True,"['jaar', ',', 'jaarlijks', 'land', 'dag']","['jaar', ',', 'jaarlijks', '##aar', 'land']",mask
204,4,5,20,ons,3,6.21,7.638322155814917,14,met,3,7.0,5.429462473282928,0.020364342257380486,0.022702867165207863,-0.0023385249078273773,0.0006380844510986651,0.0035255901723038564,0.0028875057212051926,0.29402491883249343,0.31458670069385136,0.020561781861357924,False,"['met', 'dat', 'voor', 'en', 'die']","['met', 'dat', 'voor', 'heeft', 'en']",mask
205,4,5,20,ons,3,6.21,7.638322155814917,15,als,3,6.8,4.1244877936113085,1.6113600730895996,1.9496275186538696,-0.33826744556427,0.021311502953901332,0.11548902294537872,0.09417751999147736,0.1283678795630884,0.2512881626427403,0.12292028307965189,False,"['de', 'als', 'die', 'het', 'dezelfde']","['de', 'als', 'het', 'die', 'ten']",mask
206,4,5,20,ons,3,6.21,7.638322155814917,16,doelstelling,12,3.98,10.564166919497012,0.29306527972221375,0.27895215153694153,0.014113128185272217,0.01516863396662736,0.04977621805196201,0.03460758408533463,0.1737027852513675,0.2544377709487141,0.08073498569734655,True,"['doel', 'gevolg', 'thema', 'hoofd', 'functie']","['doel', 'gevolg', 'belangrijkste', 'functie', 'hoofd']",mask
207,4,5,20,ons,3,6.21,7.638322155814917,17,de,2,7.73,2.1865145086006206,0.08104061335325241,0.10120627284049988,-0.020165659487247467,0.016640049788018037,0.04148689619189459,0.024846846403876556,0.35136997784198193,0.40522344170319785,0.053853463861215915,False,"['de', 'een', 'het', '""', 'tot']","['de', 'een', 'het', 'tot', 'voor']",mask
208,4,5,20,ons,3,6.21,7.638322155814917,18,bewustwording,13,3.7,6.985605762108192,13.388578414916992,12.808738708496094,0.5798397064208984,0.31137207490101937,0.5710180368874742,0.2596459619864548,0.16969972702757083,0.3187801235498777,0.1490803965223069,True,"['Dag', 'dag', 'Aarde', 'mens', 'aarde']","['Dag', 'dag', 'Aarde', 'dood', 'plaats']",mask
209,4,5,20,ons,3,6.21,7.638322155814917,19,van,3,7.51,1.4072405045802996,0.3189629018306732,0.15429632365703583,0.1646665781736374,0.07804677300708855,0.16432514555467148,0.08627837254758297,-1.2147858034554246,0.11717437089395105,1.3319601743493759,False,"['van', 'en', ',', 'voor', 'door']","['van', 'en', ',', 'voor', 'in']",mask
210,4,5,21,consumentengedrag,17,1.65,13.072839964903887,0,Deze,4,6.51,0.0,3.532219409942627,3.564685344696045,-0.03246593475341797,0.04011169536204108,0.0984719853797793,0.05836029001773816,-2.6516814819120516,2.333501708257691e-05,2.6517048169291346,False,"['De', 'Deze', 'Die', 'de', 'Een']","['De', 'Deze', 'de', 'Die', 'Het']",mask
211,4,5,21,consumentengedrag,17,1.65,13.072839964903887,1,dag,3,5.99,7.960270997142054,0.30352461338043213,0.31098857522010803,-0.007463961839675903,0.005487227999502652,0.01958757194980459,0.014100343950301943,0.2680253057531734,0.3017535343100617,0.03372822855688822,False,"['dag', 'Dag', 'datum', 'dagen', 'maand']","['dag', 'Dag', 'dagen', 'datum', '##dag']",mask
212,4,5,21,consumentengedrag,17,1.65,13.072839964903887,2,heeft,5,6.56,5.860712680986266,0.7669134140014648,0.8688697814941406,-0.10195636749267578,0.032836741708706055,0.13063698531948312,0.09780024361077705,-0.17320626534232578,0.12309888984588893,0.2963051551882147,False,"['heeft', 'is', 'had', 'kent', 'geeft']","['heeft', 'had', 'is', 'ten', 'kent']",mask
213,4,5,21,consumentengedrag,17,1.65,13.072839964903887,3,verwantschap,12,2.97,22.48877829163946,13.060689926147461,13.9883451461792,-0.9276552200317383,0.009809581545796659,0.038578204105406126,0.028768622559609446,-1.229170948424937,0.005217265964498497,1.2343882143894356,True,"[',', 'samen', 'ook', 'plaats', '-']","[',', 'samen', 'ook', 'plaats', 'verband']",mask
214,4,5,21,consumentengedrag,17,1.65,13.072839964903887,4,met,3,7.0,0.15751949819402128,0.01073587778955698,0.015051743015646935,-0.004315865226089954,0.001113863214716318,0.005389689100315888,0.004275825885599571,0.5472590454681583,0.548299439829693,0.0010403943615349054,False,"['met', 'aan', 'op', 'van', 'tot']","['met', 'aan', 'op', 'van', 'tot']",mask
215,4,5,21,consumentengedrag,17,1.65,13.072839964903887,5,de,2,7.73,2.0041799825228988,0.02844197489321232,0.053246114403009415,-0.024804139509797096,0.018888145465529606,0.04571268640495884,0.026824540939429233,0.529273212424524,0.5423576152897586,0.013084402865234672,False,"['de', 'De', 'het', 'den', 'Onze']","['de', 'De', 'het', 'den', 'die']",mask
216,4,5,21,consumentengedrag,17,1.65,13.072839964903887,6,Dag,3,5.99,6.815850462214928,1.8181207180023193,1.0578129291534424,0.760307788848877,0.12958096286707776,0.3685103808026673,0.23892941793558958,-1.3281280057130762,0.0016993244024604774,1.3298273301155368,False,"['dag', 'Dag', 'Nacht', '##dag', 'Day']","['dag', 'Dag', 'dagen', '##dag', 'Day']",mask
217,4,5,21,consumentengedrag,17,1.65,13.072839964903887,7,van,3,7.51,0.12409404175194007,0.004858426284044981,0.016103360801935196,-0.011244934517890215,0.011245273955501936,0.022367801307632405,0.011122527352130467,1.0099921566570929,1.0148128565570889,0.004820699899996252,False,"['van', 'op', 'voor', 'Op', 'aan']","['van', 'voor', 'op', 'Van', 'met']",mask
218,4,5,21,consumentengedrag,17,1.65,13.072839964903887,8,de,2,7.73,0.3832060809473876,0.07721210271120071,0.027903838083148003,0.04930826462805271,0.04523446884888665,0.06031587123117072,0.015081402382284068,-0.9147558476242863,0.03814491114787168,0.9529007587721576,False,"['de', 'De', 'het', 'den', 'onze']","['de', 'ons', 'onze', 'het', 'den']",mask
219,4,5,21,consumentengedrag,17,1.65,13.072839964903887,9,"Aarde,",6,4.96,11.975373645992631,8.582983016967773,8.820022583007812,-0.23703956604003906,0.24942283614861854,0.40442515294704695,0.15500231679842835,-0.7292159802658968,0.03174218269803349,0.7609581629639304,True,"['Dag', 'dag', 'Markt', 'Kerk', 'Maas']","['Dag', 'dag', 'Kerk', 'Mens', 'Maas']",mask
220,4,5,21,consumentengedrag,17,1.65,13.072839964903887,10,een,3,7.41,5.105330976111836,0.08932534605264664,0.10319570451974869,-0.01387035846710205,0.004155885878059197,0.021063925456563153,0.01690803957850396,-0.20280246144905442,0.11395766663544254,0.31676012808449694,False,"['een', 'het', 'dus', 'dit', 'elk']","['een', 'het', 'dit', 'dus', 'elk']",mask
221,4,5,21,consumentengedrag,17,1.65,13.072839964903887,11,ander,5,5.37,8.784241436822832,3.2806506156921387,4.3658037185668945,-1.0851531028747559,0.6417682051863945,0.9478831440095528,0.3061149388231585,-4.19849868804992,0.004223871615933682,4.202722559665853,False,"['Nederlands', 'jaarlijks', 'Amerikaans', 'internationaal', 'ander']","['jaarlijks', 'ander', 'Nederlands', 'Amerikaans', 'dag']",mask
222,4,5,21,consumentengedrag,17,1.65,13.072839964903887,12,jaarlijks,9,4.64,6.0062886101704915,5.135462284088135,4.675852298736572,0.4596099853515625,0.17139683116471266,0.37834493014700155,0.20694809898228886,-0.6146712674015451,0.09939673142526904,0.7140679988268142,False,"['ander', 'Europese', 'Amerikaans', 'internationale', 'soort']","['ander', 'soort', 'groot', 'Europese', 'belangrijk']",mask
223,4,5,21,consumentengedrag,17,1.65,13.072839964903887,13,evenement,9,4.68,1.3172822565247309,10.140910148620605,10.931181907653809,-0.7902717590332031,0.34018474863625214,0.6240780161834961,0.28389326754724414,-0.12706151308760272,0.16380690415142188,0.29086841723902446,True,"['dag', 'jaar', 'jaarlijks', 'land', ',']","['jaar', ',', 'jaarlijks', 'land', 'dag']",mask
224,4,5,21,consumentengedrag,17,1.65,13.072839964903887,14,met,3,7.0,5.429462473282928,0.022702867165207863,0.037672583013772964,-0.014969715848565102,0.006641342789273932,0.021873289091040582,0.015231946301766655,0.4874367971399744,0.5292920628086404,0.041855265668665875,False,"['met', 'dat', 'en', 'die', 'waarvan']","['met', 'dat', 'voor', 'en', 'die']",mask
225,4,5,21,consumentengedrag,17,1.65,13.072839964903887,15,als,3,6.8,4.1244877936113085,1.9496275186538696,1.8197715282440186,0.12985599040985107,0.005026950122168297,0.04243517835384153,0.03740822823167321,-0.22761108793289006,0.1492845733435089,0.37689566127639895,False,"['de', 'als', 'die', 'het', 'dezelfde']","['de', 'als', 'die', 'het', 'dezelfde']",mask
226,4,5,21,consumentengedrag,17,1.65,13.072839964903887,16,doelstelling,12,3.98,10.564166919497012,0.27895215153694153,0.2101127952337265,0.06883935630321503,0.020357413441870503,0.07102570762251519,0.05066829418064468,-0.6249539628450341,0.01457813586822412,0.6395320987132582,True,"['doel', 'gevolg', 'functie', 'hoofd', 'de']","['doel', 'gevolg', 'thema', 'hoofd', 'functie']",mask
227,4,5,21,consumentengedrag,17,1.65,13.072839964903887,17,de,2,7.73,2.1865145086006206,0.10120627284049988,0.12537485361099243,-0.024168580770492554,0.019040288977893182,0.0534174389887621,0.03437715001086891,-0.8749748086876934,0.10345315678318885,0.9784279654708826,False,"['de', 'een', 'het', 'tot', 'en']","['de', 'een', 'het', '""', 'tot']",mask
228,4,5,21,consumentengedrag,17,1.65,13.072839964903887,18,bewustwording,13,3.7,6.985605762108192,12.808738708496094,11.119181632995605,1.6895570755004883,2.8058460650964094,3.0188618761071613,0.21301581101075032,-2.569501796490198,0.22511394790426625,2.794615744394464,True,"['hoogte', 'groei', 'ontwikkeling', 'dag', 'grootte']","['Dag', 'dag', 'Aarde', 'mens', 'aarde']",mask
229,4,5,21,consumentengedrag,17,1.65,13.072839964903887,19,van,3,7.51,1.4072405045802996,0.15429632365703583,0.03614523634314537,0.11815108731389046,0.08253182766693719,0.11821649033644666,0.03568466266950943,-3.7721238104361725,0.004057243976145075,3.7761810544123176,False,"['van', 'voor', 'op', ',', 'over']","['van', 'en', ',', 'voor', 'door']",mask
230,4,5,21,consumentengedrag,17,1.65,13.072839964903887,20,ons,3,6.21,7.638322155814917,9.026690483093262,12.932196617126465,-3.905506134033203,2.6275758371453906,2.929482066495215,0.3019062293498249,-8.413386894568355,0.013163342307694368,8.42655023687605,False,"['het', 'de', 'een', 'dit', 'zijn']","['de', 'het', 'een', 'aarde', 'Aarde']",mask
231,4,5,22,en,2,7.4,2.7895911363554653,0,Deze,4,6.51,0.0,3.564685344696045,2.5207743644714355,1.0439109802246094,0.06414492579340793,0.19770648873122346,0.13356156293781543,0.2944387960395141,0.30169365519579344,0.007254859156279409,False,"['De', 'Deze', 'Die', 'de', 'deze']","['De', 'Deze', 'Die', 'de', 'Een']",mask
232,4,5,22,en,2,7.4,2.7895911363554653,1,dag,3,5.99,7.960270997142054,0.31098857522010803,0.14165563881397247,0.16933293640613556,0.05893962569290609,0.15401598214375561,0.09507635645084955,-1.2004626669788538,0.0003787889034729883,1.2008414558823262,False,"['dag', 'Dag', 'dagen', 'datum', 'maand']","['dag', 'Dag', 'datum', 'dagen', 'maand']",mask
233,4,5,22,en,2,7.4,2.7895911363554653,2,heeft,5,6.56,5.860712680986266,0.8688697814941406,0.962516725063324,-0.09364694356918335,0.024465562254874115,0.1143969899663119,0.08993142771143776,-0.18456253680591259,0.02583153491381369,0.2103940717197262,False,"['heeft', 'is', 'kent', 'geeft', 'had']","['heeft', 'is', 'had', 'kent', 'geeft']",mask
234,4,5,22,en,2,7.4,2.7895911363554653,3,verwantschap,12,2.97,22.48877829163946,13.9883451461792,13.01860237121582,0.9697427749633789,0.002069066809316725,0.015966082243407835,0.01389701543409111,0.1983873228132644,0.21329388592623064,0.014906563112966195,True,"[',', 'samen', 'plaats', 'ook', '-']","[',', 'samen', 'ook', 'plaats', '-']",mask
235,4,5,22,en,2,7.4,2.7895911363554653,4,met,3,7.0,0.15751949819402128,0.015051743015646935,0.030863920226693153,-0.01581217721104622,0.00992438462247567,0.02606076893620634,0.01613638431373066,-1.2846985651695604,0.03317545652245857,1.317874021692019,False,"['met', 'aan', 'op', 'tot', 'van']","['met', 'aan', 'op', 'van', 'tot']",mask
236,4,5,22,en,2,7.4,2.7895911363554653,5,de,2,7.73,2.0041799825228988,0.053246114403009415,0.041399143636226654,0.01184697076678276,0.004143270408536537,0.015478203187496169,0.011334932778959635,-0.516234059538404,0.05098794946865617,0.56722200900706,False,"['de', 'De', 'het', 'den', 'een']","['de', 'De', 'het', 'den', 'Onze']",mask
237,4,5,22,en,2,7.4,2.7895911363554653,6,Dag,3,5.99,6.815850462214928,1.0578129291534424,1.9917494058609009,-0.9339364767074585,0.17360327451203647,0.42052265997865657,0.24691938546662007,-0.04374436127980061,0.08489939517351994,0.12864375645332055,False,"['dag', 'Dag', '##dag', 'Nacht', 'Day']","['dag', 'Dag', 'Nacht', '##dag', 'Day']",mask
238,4,5,22,en,2,7.4,2.7895911363554653,7,van,3,7.51,0.12409404175194007,0.016103360801935196,0.014790304936468601,0.0013130558654665947,0.000816871260294954,0.0022735048826231868,0.0014566336223282325,-0.4383448809199167,0.049350928476895005,0.48769580939681184,False,"['van', 'op', 'voor', 'aan', 'met']","['van', 'op', 'voor', 'Op', 'aan']",mask
239,4,5,22,en,2,7.4,2.7895911363554653,8,de,2,7.73,0.3832060809473876,0.027903838083148003,0.021369569003582,0.006534269079566002,0.003743284994562552,0.010124924519400742,0.006381639524838189,0.2354930648619967,0.2638777148412308,0.028384649979234056,False,"['de', 'De', 'het', 'den', 'die']","['de', 'De', 'het', 'den', 'onze']",mask
240,4,5,22,en,2,7.4,2.7895911363554653,9,"Aarde,",6,4.96,11.975373645992631,8.820022583007812,8.142114639282227,0.6779079437255859,0.21720032442505413,0.4714904513050274,0.25429012687997327,0.03883990132868649,0.13392481344296395,0.09508491211427744,True,"['Dag', 'Kerk', 'dag', 'Markt', 'Maan']","['Dag', 'dag', 'Markt', 'Kerk', 'Maas']",mask
241,4,5,22,en,2,7.4,2.7895911363554653,10,een,3,7.41,5.105330976111836,0.10319570451974869,0.045251939445734024,0.057943765074014664,0.024913748993854894,0.05630051071896714,0.031386761725112226,-1.250689165127074,0.0005663323773088733,1.2512554975043835,False,"['een', 'het', 'dit', 'ook', 'dus']","['een', 'het', 'dus', 'dit', 'elk']",mask
242,4,5,22,en,2,7.4,2.7895911363554653,11,ander,5,5.37,8.784241436822832,4.3658037185668945,4.267583847045898,0.0982198715209961,0.09911429582449395,0.2892061676170035,0.19009187179250955,-0.43591601599409135,0.010260715649866456,0.44617673164395766,False,"['jaarlijks', 'Nederlands', 'internationaal', 'ander', 'Amerikaans']","['Nederlands', 'jaarlijks', 'Amerikaans', 'internationaal', 'ander']",mask
243,4,5,22,en,2,7.4,2.7895911363554653,12,jaarlijks,9,4.64,6.0062886101704915,4.675852298736572,5.509823322296143,-0.8339710235595703,0.352357669419004,0.5958420141365887,0.24348434471758454,-0.8695539296928142,0.008447007966841592,0.8780009376596557,False,"['internationaal', 'internationale', 'Europese', 'Europees', 'groot']","['ander', 'Europese', 'Amerikaans', 'internationale', 'soort']",mask
244,4,5,22,en,2,7.4,2.7895911363554653,13,evenement,9,4.68,1.3172822565247309,10.931181907653809,10.35335922241211,0.5778226852416992,0.8870500203470864,1.2007813583340594,0.3137313379869728,-0.7033032224355643,0.04426137430805164,0.7475645967436161,True,"['festival', 'jaar', 'dag', 'jaarlijks', 'land']","['dag', 'jaar', 'jaarlijks', 'land', ',']",mask
245,4,5,22,en,2,7.4,2.7895911363554653,14,met,3,7.0,5.429462473282928,0.037672583013772964,0.004066839348524809,0.033605743665248156,0.025910369628104044,0.03351261871911742,0.007602249091013384,-4.322577124053355,0.0009083957353122364,4.32348551978867,False,"['met', 'dat', 'heeft', 'waarvan', 'en']","['met', 'dat', 'en', 'die', 'waarvan']",mask
246,4,5,22,en,2,7.4,2.7895911363554653,15,als,3,6.8,4.1244877936113085,1.8197715282440186,0.8740196824073792,0.9457518458366394,0.23373743405860437,0.53723065558549,0.30349322152688574,-0.45024482418888234,0.17204116367962557,0.6222859878685079,False,"['als', 'de', 'die', 'dezelfde', 'voor']","['de', 'als', 'die', 'het', 'dezelfde']",mask
247,4,5,22,en,2,7.4,2.7895911363554653,16,doelstelling,12,3.98,10.564166919497012,0.2101127952337265,0.041316401213407516,0.16879639402031898,0.11984087758019159,0.1651199767224444,0.04527909914225283,-4.513983013504337,1.516171629772925e-05,4.513998175220634,True,"['doel', 'gevolg', 'thema', 'oog', 'belangrijkste']","['doel', 'gevolg', 'functie', 'hoofd', 'de']",mask
248,4,5,22,en,2,7.4,2.7895911363554653,17,de,2,7.73,2.1865145086006206,0.12537485361099243,0.10190664231777191,0.02346821129322052,0.006968763753906661,0.023960602787414992,0.016991839033508323,-0.7044262435261921,0.02571772878336724,0.7301439723095594,False,"['de', 'een', 'het', ':', 'die']","['de', 'een', 'het', 'tot', 'en']",mask
249,4,5,22,en,2,7.4,2.7895911363554653,18,bewustwording,13,3.7,6.985605762108192,11.119181632995605,11.078227996826172,0.040953636169433594,0.09246938141439806,0.2480431677238164,0.1555737863094183,-0.3911730090248113,0.042367667034442856,0.4335406760592542,True,"['hoogte', 'ontwikkeling', 'groei', 'dag', 'kracht']","['hoogte', 'groei', 'ontwikkeling', 'dag', 'grootte']",mask
250,4,5,22,en,2,7.4,2.7895911363554653,19,van,3,7.51,1.4072405045802996,0.03614523634314537,0.017464784905314445,0.018680451437830925,0.008007391819212074,0.018455681425809542,0.010448289606597466,-2.2277107638621643,0.0005183558210455976,2.2282291196832094,False,"['van', 'voor', 'op', ',', 'over']","['van', 'voor', 'op', ',', 'over']",mask
251,4,5,22,en,2,7.4,2.7895911363554653,20,ons,3,6.21,7.638322155814917,12.932196617126465,16.949970245361328,-4.017773628234863,0.07101449318040648,0.13157060021130879,0.06055610703090228,-4.158385761573274,0.0003025773976297014,4.158688338970903,False,"['het', 'de', 'een', 'dit', 'zijn']","['het', 'de', 'een', 'dit', 'zijn']",mask
252,4,5,22,en,2,7.4,2.7895911363554653,21,consumentengedrag,17,1.65,13.072839964903887,11.396416664123535,17.3633975982666,-5.966980934143066,0.7684178734065106,0.938695099466364,0.17027722605985313,-5.599371401333982,0.0018869398097686048,5.601258341143753,True,"['Aarde', 'aarde', 'land', 'zon', 'leven']","['Aarde', 'aarde', ',', 'en', 'ons']",mask
253,4,5,23,de,2,7.73,1.2833386593754068,0,Deze,4,6.51,0.0,2.5207743644714355,2.7699954509735107,-0.2492210865020752,0.006789599085319839,0.05682089580013498,0.05003129671481513,-0.5302491792913919,0.0003700929397072044,0.5306192722310992,False,"['De', 'Deze', 'Die', 'de', 'Een']","['De', 'Deze', 'Die', 'de', 'deze']",mask
254,4,5,23,de,2,7.73,1.2833386593754068,1,dag,3,5.99,7.960270997142054,0.14165563881397247,0.15573328733444214,-0.014077648520469666,0.0048456714936620645,0.019294883556391224,0.014449212062729165,0.8305230517044955,0.8306879257919391,0.00016487408744358863,False,"['dag', 'Dag', 'dagen', 'datum', 'maand']","['dag', 'Dag', 'dagen', 'datum', 'maand']",mask
255,4,5,23,de,2,7.73,1.2833386593754068,2,heeft,5,6.56,5.860712680986266,0.962516725063324,0.6989810466766357,0.26353567838668823,0.04476404456115757,0.1739017404778214,0.12913769591666382,-0.8398589111997025,0.0001052283858312243,0.8399641395855336,False,"['heeft', 'is', 'kent', 'had', 'geeft']","['heeft', 'is', 'kent', 'geeft', 'had']",mask
256,4,5,23,de,2,7.73,1.2833386593754068,3,verwantschap,12,2.97,22.48877829163946,13.01860237121582,13.25924301147461,-0.24064064025878906,0.004134165601315117,0.038223574404103164,0.03408940880278806,-0.025005724466971486,0.08601820233352632,0.11102392680049782,True,"[',', 'samen', 'plaats', 'ook', '-']","[',', 'samen', 'plaats', 'ook', '-']",mask
257,4,5,23,de,2,7.73,1.2833386593754068,4,met,3,7.0,0.15751949819402128,0.030863920226693153,0.034424684941768646,-0.003560764715075493,0.0003178444192539289,0.0037950882908969388,0.0034772438716430096,0.3683829871705928,0.3690836362732227,0.0007006491026298997,False,"['met', 'aan', 'op', 'tot', 'van']","['met', 'aan', 'op', 'tot', 'van']",mask
258,4,5,23,de,2,7.73,1.2833386593754068,5,de,2,7.73,2.0041799825228988,0.041399143636226654,0.04649356007575989,-0.005094416439533234,0.0018276735388046098,0.009295044064929724,0.007467370526125114,0.3270273008818315,0.3923344844810506,0.06530718359921925,False,"['de', 'De', 'het', 'den', 'een']","['de', 'De', 'het', 'den', 'een']",mask
259,4,5,23,de,2,7.73,1.2833386593754068,6,Dag,3,5.99,6.815850462214928,1.9917494058609009,1.7703089714050293,0.22144043445587158,0.007890797284105256,0.07053336505150151,0.06264256776739627,-0.37480338679921527,0.02860991259411555,0.4034132993933307,False,"['dag', 'Dag', '##dag', 'Day', 'dagen']","['dag', 'Dag', '##dag', 'Nacht', 'Day']",mask
260,4,5,23,de,2,7.73,1.2833386593754068,7,van,3,7.51,0.12409404175194007,0.014790304936468601,0.013678094372153282,0.001112210564315319,0.00031666038419966093,0.0020578257125807267,0.0017411653283810663,0.11603913514059412,0.26460615556635286,0.14856702042575878,False,"['van', 'op', 'voor', 'aan', 'met']","['van', 'op', 'voor', 'aan', 'met']",mask
261,4,5,23,de,2,7.73,1.2833386593754068,8,de,2,7.73,0.3832060809473876,0.021369569003582,0.017513440921902657,0.003856128081679344,0.0008930175418858916,0.004181292292086238,0.003288274750200343,-0.4561465881158572,0.011577021152269261,0.46772360926812645,False,"['de', 'De', 'het', 'den', 'die']","['de', 'De', 'het', 'den', 'die']",mask
262,4,5,23,de,2,7.73,1.2833386593754068,9,"Aarde,",6,4.96,11.975373645992631,8.142114639282227,8.592264175415039,-0.4501495361328125,0.04241237699974697,0.16817707261544587,0.1257646956156989,-0.21985567099446124,0.016719060446481714,0.2365747314409429,True,"['Dag', 'Markt', 'dag', 'Kerk', 'Maan']","['Dag', 'Kerk', 'dag', 'Markt', 'Maan']",mask
263,4,5,23,de,2,7.73,1.2833386593754068,10,een,3,7.41,5.105330976111836,0.045251939445734024,0.04043204337358475,0.004819896072149277,0.0007412305381322224,0.006190300871418394,0.005449070333286169,-0.13241749471217448,0.06153222794639467,0.1939497226585692,False,"['een', 'het', 'dit', 'dus', 'ook']","['een', 'het', 'dit', 'ook', 'dus']",mask
264,4,5,23,de,2,7.73,1.2833386593754068,11,ander,5,5.37,8.784241436822832,4.267583847045898,4.2031660079956055,0.06441783905029297,0.008674246716715859,0.06892065742643261,0.060246410709716744,-0.29322532835508597,0.00855163556150845,0.3017769639165945,False,"['jaarlijks', 'Nederlands', 'internationaal', 'ander', 'Amerikaans']","['jaarlijks', 'Nederlands', 'internationaal', 'ander', 'Amerikaans']",mask
265,4,5,23,de,2,7.73,1.2833386593754068,12,jaarlijks,9,4.64,6.0062886101704915,5.509823322296143,5.269113063812256,0.24071025848388672,0.017806719811058993,0.0995725191419982,0.08176579933093919,-0.0885861622077395,0.036382221251265084,0.12496838345900455,False,"['internationaal', 'internationale', 'Europees', 'groot', 'Europese']","['internationaal', 'internationale', 'Europese', 'Europees', 'groot']",mask
266,4,5,23,de,2,7.73,1.2833386593754068,13,evenement,9,4.68,1.3172822565247309,10.35335922241211,10.551210403442383,-0.19785118103027344,0.05070357941629346,0.19939802916439978,0.1486944497481064,-0.14415067029476872,0.03337527673523385,0.17752594703000257,True,"['jaar', 'festival', 'land', 'jaarlijks', 'dag']","['festival', 'jaar', 'dag', 'jaarlijks', 'land']",mask
267,4,5,23,de,2,7.73,1.2833386593754068,14,met,3,7.0,5.429462473282928,0.004066839348524809,0.0043855952098965645,-0.0003187558613717556,0.0014963385880000233,0.0027241912833192656,0.0012278526953192438,-0.39110060472917596,0.028552700027807663,0.41965330475698365,False,"['met', 'heeft', 'dat', 'waarvan', 'hebben']","['met', 'dat', 'heeft', 'waarvan', 'en']",mask
268,4,5,23,de,2,7.73,1.2833386593754068,15,als,3,6.8,4.1244877936113085,0.8740196824073792,0.8607891798019409,0.013230502605438232,0.0026172190356952333,0.011409591103420358,0.008792372067725122,-1.032564116092931,0.0019624744444903756,1.0345265905374212,False,"['als', 'de', 'dezelfde', 'die', 'ter']","['als', 'de', 'die', 'dezelfde', 'voor']",mask
269,4,5,23,de,2,7.73,1.2833386593754068,16,doelstelling,12,3.98,10.564166919497012,0.041316401213407516,0.16620567440986633,-0.12488927319645882,0.11452224026254433,0.22582149185947734,0.111299251596933,2.1996687807575097,2.1996990723254495,3.0291567939803265e-05,True,"['doel', 'gevolg', 'thema', 'belangrijkste', 'andere']","['doel', 'gevolg', 'thema', 'oog', 'belangrijkste']",mask
270,4,5,23,de,2,7.73,1.2833386593754068,17,de,2,7.73,2.1865145086006206,0.10190664231777191,0.027596760541200638,0.07430988177657127,0.039051643340241006,0.07290227149614079,0.033850628155899766,-2.0169438324962212,0.015364339745330378,2.0323081722415512,False,"['de', 'een', 'het', 'die', ':']","['de', 'een', 'het', ':', 'die']",mask
271,4,5,23,de,2,7.73,1.2833386593754068,18,bewustwording,13,3.7,6.985605762108192,11.078227996826172,11.866371154785156,-0.7881431579589844,0.06308622219990156,0.20095383066527778,0.13786760846537624,-0.38595923691778733,0.015138218854025224,0.4010974557718126,True,"['hoogte', 'ontwikkeling', 'dag', 'groei', 'kracht']","['hoogte', 'ontwikkeling', 'groei', 'dag', 'kracht']",mask
272,4,5,23,de,2,7.73,1.2833386593754068,19,van,3,7.51,1.4072405045802996,0.017464784905314445,0.026611538603901863,-0.009146753698587418,0.004442269878138462,0.014055895704434886,0.009613625826296423,-1.3764909357361852,0.022154168922757404,1.3986451046589425,False,"['van', ',', 'voor', 'op', 'over']","['van', 'voor', 'op', ',', 'over']",mask
273,4,5,23,de,2,7.73,1.2833386593754068,20,ons,3,6.21,7.638322155814917,16.949970245361328,18.75938606262207,-1.8094158172607422,0.0020783774760495576,0.004742186978700339,0.0026638095026507813,-1.0791582116206568,0.019198136205465958,1.0983563478261227,False,"['het', 'de', 'een', 'dit', 'zijn']","['het', 'de', 'een', 'dit', 'zijn']",mask
274,4,5,23,de,2,7.73,1.2833386593754068,21,consumentengedrag,17,1.65,13.072839964903887,17.3633975982666,16.071380615234375,1.2920169830322266,1.7848902330000456,2.1715842891204686,0.38669405612042307,0.37328273819647856,0.5403810712262114,0.1670983330297328,True,"['Aarde', 'aarde', 'lichaam', 'leven', 'land']","['Aarde', 'aarde', 'land', 'zon', 'leven']",mask
275,4,5,23,de,2,7.73,1.2833386593754068,22,en,2,7.4,2.7895911363554653,1.3219658136367798,1.2678134441375732,0.05415236949920654,0.2684286077897079,0.4024495721963329,0.13402096440662503,-1.614339608754662,0.06393490421890871,1.678274512973571,False,"['en', 'voor', 'in', ',', 'van']","['en', ',', 'in', 'voor', '(']",mask
276,4,5,24,invloed,7,4.98,4.159986831782142,0,Deze,4,6.51,0.0,2.7699954509735107,2.928399085998535,-0.15840363502502441,0.012169339099949139,0.03988786682687844,0.0277185277269293,0.6693017956986461,0.6879109639377501,0.01860916823910393,False,"['De', 'Deze', 'de', 'Die', 'deze']","['De', 'Deze', 'Die', 'de', 'Een']",mask
277,4,5,24,invloed,7,4.98,4.159986831782142,1,dag,3,5.99,7.960270997142054,0.15573328733444214,0.40747612714767456,-0.2517428398132324,0.17324459942271175,0.3738204291656492,0.20057582974293744,-1.0106646521174671,0.04476384161920893,1.0554284937366762,False,"['dag', 'Dag', 'dagen', 'datum', 'maand']","['dag', 'Dag', 'dagen', 'datum', 'maand']",mask
278,4,5,24,invloed,7,4.98,4.159986831782142,2,heeft,5,6.56,5.860712680986266,0.6989810466766357,0.5743230581283569,0.12465798854827881,0.03008923637739926,0.12250034527789966,0.09241110890050037,-0.19515610121708454,0.08810250735977693,0.28325860857686147,False,"['heeft', 'is', 'ten', 'kent', 'had']","['heeft', 'is', 'kent', 'had', 'geeft']",mask
279,4,5,24,invloed,7,4.98,4.159986831782142,3,verwantschap,12,2.97,22.48877829163946,13.25924301147461,12.99571418762207,0.26352882385253906,0.004886826265353941,0.03173849189825442,0.026851665632900482,-0.3290225963222025,0.05058599164949029,0.3796085879716927,True,"[',', 'samen', 'plaats', 'ook', 'betrekking']","[',', 'samen', 'plaats', 'ook', '-']",mask
280,4,5,24,invloed,7,4.98,4.159986831782142,4,met,3,7.0,0.15751949819402128,0.034424684941768646,0.014829921536147594,0.019594763405621052,0.009869053630441773,0.02138437879997621,0.011515325169534438,1.7889453127321155,1.86003582900635,0.0710905162742343,False,"['met', 'aan', 'op', 'van', 'tot']","['met', 'aan', 'op', 'tot', 'van']",mask
281,4,5,24,invloed,7,4.98,4.159986831782142,5,de,2,7.73,2.0041799825228988,0.04649356007575989,0.045961879193782806,0.0005316808819770813,0.0010066244751666992,0.003622099834555112,0.0026154753593884113,0.057681358827207464,0.2697512595117371,0.21206990068452966,False,"['de', 'De', 'het', 'deze', ':']","['de', 'De', 'het', 'den', 'een']",mask
282,4,5,24,invloed,7,4.98,4.159986831782142,6,Dag,3,5.99,6.815850462214928,1.7703089714050293,2.9714903831481934,-1.201181411743164,0.12881995420198802,0.2910107347022829,0.16219078050029478,0.9154299045714335,1.0173895568718518,0.10195965230041805,False,"['dag', 'Dag', 'dagen', 'zon', '##dag']","['dag', 'Dag', '##dag', 'Day', 'dagen']",mask
283,4,5,24,invloed,7,4.98,4.159986831782142,7,van,3,7.51,0.12409404175194007,0.013678094372153282,0.0095991725102067,0.004078921861946583,0.0010120073115229345,0.004299285552424878,0.0032872782409019453,-0.7014563642500358,0.08945415125981573,0.7909105155098518,False,"['van', 'op', 'voor', 'met', 'Op']","['van', 'op', 'voor', 'aan', 'met']",mask
284,4,5,24,invloed,7,4.98,4.159986831782142,8,de,2,7.73,0.3832060809473876,0.017513440921902657,0.015773659572005272,0.0017397813498973846,0.003505885143713597,0.006847161650254807,0.00334127650654121,-1.0936910266989377,0.04280242179498675,1.1364934484939246,False,"['de', 'De', 'het', 'ons', 'onze']","['de', 'De', 'het', 'den', 'die']",mask
285,4,5,24,invloed,7,4.98,4.159986831782142,9,"Aarde,",6,4.96,11.975373645992631,8.592264175415039,7.493472099304199,1.0987920761108398,0.17180800195894824,0.3968734861641316,0.22506548420518338,0.2953749895786487,0.47407839342270364,0.17870340384405486,True,"['Dag', 'Markt', 'dag', 'Mens', 'Maas']","['Dag', 'Markt', 'dag', 'Kerk', 'Maan']",mask
286,4,5,24,invloed,7,4.98,4.159986831782142,10,een,3,7.41,5.105330976111836,0.04043204337358475,0.06852592527866364,-0.028093881905078888,0.02104494224071768,0.04872085538020006,0.027675913139482363,1.694321069953958,1.7330207505172022,0.03869968056324457,False,"['een', 'het', 'Een', 'dit', 'dus']","['een', 'het', 'dit', 'dus', 'ook']",mask
287,4,5,24,invloed,7,4.98,4.159986831782142,11,ander,5,5.37,8.784241436822832,4.2031660079956055,3.9094595909118652,0.29370641708374023,0.4336887518098154,0.7197847071389131,0.2860959553290975,1.9393731863163945,1.952427695036641,0.013054508720246726,False,"['jaarlijks', 'Amerikaans', 'Nederlands', 'ander', 'internationaal']","['jaarlijks', 'Nederlands', 'internationaal', 'ander', 'Amerikaans']",mask
288,4,5,24,invloed,7,4.98,4.159986831782142,12,jaarlijks,9,4.64,6.0062886101704915,5.269113063812256,4.556689739227295,0.7124233245849609,0.3921986792550672,0.6518183122236086,0.25961963296854146,1.5700131067150451,1.6108326294223358,0.04081952270729064,False,"['internationaal', 'ander', 'Amerikaans', 'internationale', 'Europese']","['internationaal', 'internationale', 'Europees', 'groot', 'Europese']",mask
289,4,5,24,invloed,7,4.98,4.159986831782142,13,evenement,9,4.68,1.3172822565247309,10.551210403442383,12.120264053344727,-1.5690536499023438,0.8186633733503411,1.1694470034060287,0.35078363005568736,0.8540039016867884,1.04614021436592,0.19213631267913175,True,"['jaarlijks', 'jaar', 'dag', 'land', 'festival']","['jaar', 'festival', 'land', 'jaarlijks', 'dag']",mask
290,4,5,24,invloed,7,4.98,4.159986831782142,14,met,3,7.0,5.429462473282928,0.0043855952098965645,0.06556899100542068,-0.06118339579552412,0.13332810954822374,0.19179616088612764,0.05846805133790396,4.713831009137766,4.71386307341887,3.206428110349326e-05,False,"['met', 'heeft', 'hebben', 'Met', 'en']","['met', 'heeft', 'dat', 'waarvan', 'hebben']",mask
291,4,5,24,invloed,7,4.98,4.159986831782142,15,als,3,6.8,4.1244877936113085,0.8607891798019409,1.6706502437591553,-0.8098610639572144,0.17548935065256913,0.4322036631782594,0.25671431252569044,1.859705244125492,1.9144809471692927,0.05477570304380072,False,"['de', 'als', 'dezelfde', 'die', 'voor']","['als', 'de', 'dezelfde', 'die', 'ter']",mask
292,4,5,24,invloed,7,4.98,4.159986831782142,16,doelstelling,12,3.98,10.564166919497012,0.16620567440986633,0.4291673004627228,-0.26296162605285645,0.24800305480211424,0.4496228785045517,0.20161982370243764,2.013063728856894,2.034412014147807,0.021348285290912965,True,"['doel', 'thema', 'gevolg', 'bod', 'hoofd']","['doel', 'gevolg', 'thema', 'belangrijkste', 'andere']",mask
293,4,5,24,invloed,7,4.98,4.159986831782142,17,de,2,7.73,2.1865145086006206,0.027596760541200638,0.040237851440906525,-0.012641090899705887,0.006399277676737315,0.01927429048008155,0.012875012803344245,0.9874573376670177,1.0521666345597611,0.06470929689274339,False,"['de', 'een', 'het', 'De', ':']","['de', 'een', 'het', 'die', ':']",mask
294,4,5,24,invloed,7,4.98,4.159986831782142,18,bewustwording,13,3.7,6.985605762108192,11.866371154785156,14.972061157226562,-3.1056900024414062,6.202323530523235,6.3871567030726695,0.18483317254943357,-5.066016816734153,0.020957432861558652,5.086974249595711,True,"['invloed', 'groei', 'ontwikkeling', 'impact', 'positie']","['hoogte', 'ontwikkeling', 'dag', 'groei', 'kracht']",mask
295,4,5,24,invloed,7,4.98,4.159986831782142,19,van,3,7.51,1.4072405045802996,0.026611538603901863,0.00888129137456417,0.017730247229337692,0.012178162053184477,0.018786470154664024,0.006608308101479533,-0.1641850371619309,0.35009499585732845,0.5142800330192594,False,"['van', 'op', 'over', 'voor', ',']","['van', ',', 'voor', 'op', 'over']",mask
296,4,5,24,invloed,7,4.98,4.159986831782142,20,ons,3,6.21,7.638322155814917,18.75938606262207,14.347259521484375,4.412126541137695,0.032781534842469956,0.09229655762213983,0.05951502277966987,3.4546425264236107,3.457612936142536,0.0029704097189259967,False,"['het', 'de', 'een', 'dit', 'zijn']","['het', 'de', 'een', 'dit', 'zijn']",mask
297,4,5,24,invloed,7,4.98,4.159986831782142,21,consumentengedrag,17,1.65,13.072839964903887,16.071380615234375,19.865455627441406,-3.7940750122070312,2.222181283686541,2.3371685961850934,0.11498731249855326,-4.882253782863255,0.0032353877376820285,4.885489170600936,True,"['Aarde', 'aarde', 'land', 'Maan', 'zon']","['Aarde', 'aarde', 'lichaam', 'leven', 'land']",mask
298,4,5,24,invloed,7,4.98,4.159986831782142,22,en,2,7.4,2.7895911363554653,1.2678134441375732,0.5468068718910217,0.7210065722465515,0.6247865052952476,0.8064824322044782,0.1816959269092309,-2.863218248151518,0.05061518213280679,2.913833430284324,False,"['en', 'onder', 'door', ',', 'van']","['en', 'voor', 'in', ',', 'van']",mask
299,4,5,24,invloed,7,4.98,4.159986831782142,23,de,2,7.73,1.2833386593754068,2.2744224071502686,0.25890010595321655,2.015522301197052,1.497798628931954,1.752103797751913,0.25430516881995935,-4.572169752944314,0.039683135116609064,4.611852888060921,False,"['de', 'ons', 'het', 'onze', 'van']","['de', 'ons', 'het', 'van', 'een']",mask
300,4,5,25,hiervan,7,4.79,3.8028194594438642,0,Deze,4,6.51,0.0,2.928399085998535,2.766470432281494,0.16192865371704102,0.00968518319089674,0.05821051364645177,0.048525330455555044,0.116495668047889,0.11711555072607453,0.0006198826781855803,False,"['De', 'Deze', 'de', 'Die', 'Een']","['De', 'Deze', 'de', 'Die', 'deze']",mask
301,4,5,25,hiervan,7,4.79,3.8028194594438642,1,dag,3,5.99,7.960270997142054,0.40747612714767456,0.3724372982978821,0.03503882884979248,0.0033199203158030114,0.033895008457888065,0.03057508814208505,0.34693398037941425,0.3470032324400549,6.925206064071636e-05,False,"['dag', 'Dag', 'dagen', 'datum', 'maand']","['dag', 'Dag', 'dagen', 'datum', 'maand']",mask
302,4,5,25,hiervan,7,4.79,3.8028194594438642,2,heeft,5,6.56,5.860712680986266,0.5743230581283569,0.5605889558792114,0.013734102249145508,0.016451989369330674,0.06062002415450114,0.04416803478517047,-0.6888075553345455,0.020113861591692893,0.7089214169262382,False,"['heeft', 'is', 'ten', 'had', 'geeft']","['heeft', 'is', 'ten', 'kent', 'had']",mask
303,4,5,25,hiervan,7,4.79,3.8028194594438642,3,verwantschap,12,2.97,22.48877829163946,12.99571418762207,13.44167709350586,-0.44596290588378906,0.005261667573033014,0.047449750501804985,0.04218808292877199,-0.5480358225829001,0.001988817831037972,0.5500246404139383,True,"[',', 'samen', 'ook', '-', 'plaats']","[',', 'samen', 'plaats', 'ook', 'betrekking']",mask
304,4,5,25,hiervan,7,4.79,3.8028194594438642,4,met,3,7.0,0.15751949819402128,0.014829921536147594,0.0221517626196146,-0.007321841083467007,0.0020158609502133906,0.009519025051908006,0.007503164101694616,-0.22329159661478207,0.058434685464560085,0.28172628207934225,False,"['met', 'aan', 'op', 'van', 'tot']","['met', 'aan', 'op', 'van', 'tot']",mask
305,4,5,25,hiervan,7,4.79,3.8028194594438642,5,de,2,7.73,2.0041799825228988,0.045961879193782806,0.04537971690297127,0.0005821622908115387,0.0005924825910622085,0.003855770344725539,0.0032632877536633307,-0.02243010279604922,0.027731047579078107,0.050161150375127334,False,"['de', 'De', 'het', 'deze', ':']","['de', 'De', 'het', 'deze', ':']",mask
306,4,5,25,hiervan,7,4.79,3.8028194594438642,6,Dag,3,5.99,6.815850462214928,2.9714903831481934,2.9171271324157715,0.054363250732421875,0.006384775844729807,0.012434333498142356,0.006049557653412545,-0.1464163146748052,0.0020508804752305348,0.1484671951500357,False,"['dag', 'Dag', 'dagen', '##dag', 'zon']","['dag', 'Dag', 'dagen', 'zon', '##dag']",mask
307,4,5,25,hiervan,7,4.79,3.8028194594438642,7,van,3,7.51,0.12409404175194007,0.0095991725102067,0.010590599849820137,-0.0009914273396134377,0.0002299477589245464,0.0016150101258274973,0.0013850623669029512,0.01170550293274985,0.0252268780992163,0.013521375166466457,False,"['van', 'op', 'voor', 'Op', 'aan']","['van', 'op', 'voor', 'met', 'Op']",mask
308,4,5,25,hiervan,7,4.79,3.8028194594438642,8,de,2,7.73,0.3832060809473876,0.015773659572005272,0.011141380295157433,0.004632279276847839,0.0016581350871618106,0.004898685029400341,0.0032405499422385334,-0.6965520424809087,0.0016693513100680085,0.6982213937909764,False,"['de', 'De', 'het', 'onze', 'den']","['de', 'De', 'het', 'ons', 'onze']",mask
309,4,5,25,hiervan,7,4.79,3.8028194594438642,9,"Aarde,",6,4.96,11.975373645992631,7.493472099304199,8.078736305236816,-0.5852642059326172,0.11288947384543238,0.3027589032649777,0.1898694294195453,-0.27466104484813275,0.0014214541587356606,0.27608249900686843,True,"['Dag', 'Markt', 'dag', 'Mens', 'Maas']","['Dag', 'Markt', 'dag', 'Mens', 'Maas']",mask
310,4,5,25,hiervan,7,4.79,3.8028194594438642,10,een,3,7.41,5.105330976111836,0.06852592527866364,0.07197190821170807,-0.0034459829330444336,0.0043481540296913075,0.01498126021454032,0.010633106184849013,-0.44859232127669896,0.009370677600107206,0.45796299887680636,False,"['een', 'het', 'dus', 'dit', 'elk']","['een', 'het', 'Een', 'dit', 'dus']",mask
311,4,5,25,hiervan,7,4.79,3.8028194594438642,11,ander,5,5.37,8.784241436822832,3.9094595909118652,3.8825666904449463,0.026892900466918945,0.11213375062588204,0.2988300325729378,0.18669628194705573,-0.15414469121649788,0.015387485367767647,0.16953217658426556,False,"['jaarlijks', 'ander', 'Amerikaans', 'Nederlands', 'internationaal']","['jaarlijks', 'Amerikaans', 'Nederlands', 'ander', 'internationaal']",mask
312,4,5,25,hiervan,7,4.79,3.8028194594438642,12,jaarlijks,9,4.64,6.0062886101704915,4.556689739227295,4.286185264587402,0.2705044746398926,0.055149626007154305,0.19312301019455028,0.13797338418739596,0.1636544955108285,0.1796600210791394,0.01600552556831085,False,"['soort', 'ander', 'internationaal', 'jaarlijks', 'internationale']","['internationaal', 'ander', 'Amerikaans', 'internationale', 'Europese']",mask
313,4,5,25,hiervan,7,4.79,3.8028194594438642,13,evenement,9,4.68,1.3172822565247309,12.120264053344727,11.986916542053223,0.1333475112915039,0.0460470517339724,0.17876758952634714,0.1327205377923747,-0.5359105500682777,0.0018239789975266058,0.5377345290658042,True,"['jaarlijks', 'jaar', 'dag', 'land', ',']","['jaarlijks', 'jaar', 'dag', 'land', 'festival']",mask
314,4,5,25,hiervan,7,4.79,3.8028194594438642,14,met,3,7.0,5.429462473282928,0.06556899100542068,0.04189842566847801,0.023670565336942673,0.025453160389449028,0.04601390131314304,0.02056074092369401,-0.38788826181845454,0.11658464569133806,0.5044729075097925,False,"['met', 'heeft', 'dat', 'hebben', 'voor']","['met', 'heeft', 'hebben', 'Met', 'en']",mask
315,4,5,25,hiervan,7,4.79,3.8028194594438642,15,als,3,6.8,4.1244877936113085,1.6706502437591553,2.033918857574463,-0.3632686138153076,0.025840262771193872,0.12078164260426079,0.09494137983306693,-0.8224030368095517,0.018368278141972963,0.8407713149515249,False,"['de', 'als', 'die', 'dezelfde', 'voor']","['de', 'als', 'dezelfde', 'die', 'voor']",mask
316,4,5,25,hiervan,7,4.79,3.8028194594438642,16,doelstelling,12,3.98,10.564166919497012,0.4291673004627228,0.19784851372241974,0.23131878674030304,0.08430329546932179,0.2031752505980185,0.11887195512869672,-0.9978125965174565,0.00011856081857781351,0.9979311573360341,True,"['doel', 'gevolg', 'thema', 'bod', 'hoofd']","['doel', 'thema', 'gevolg', 'bod', 'hoofd']",mask
317,4,5,25,hiervan,7,4.79,3.8028194594438642,17,de,2,7.73,2.1865145086006206,0.040237851440906525,0.04753413796424866,-0.007296286523342133,0.0036058017446478027,0.01421069725881129,0.010604895514163479,-0.4574788598845088,0.0026243638015456057,0.46010322368605455,False,"['de', 'een', 'het', 'De', 'ter']","['de', 'een', 'het', 'De', ':']",mask
318,4,5,25,hiervan,7,4.79,3.8028194594438642,18,bewustwording,13,3.7,6.985605762108192,14.972061157226562,12.644608497619629,2.3274526596069336,1.3383125657286399,1.8069100786537615,0.4685975129251216,1.8130490565139525,1.8140503618402337,0.0010013053262813,True,"['invloed', 'groei', 'ontwikkeling', 'positie', 'hoogte']","['invloed', 'groei', 'ontwikkeling', 'impact', 'positie']",mask
319,4,5,25,hiervan,7,4.79,3.8028194594438642,19,van,3,7.51,1.4072405045802996,0.00888129137456417,0.016955960541963577,-0.008074669167399406,0.0042285851067336445,0.0124374017564085,0.00820881664967486,0.15836342272422488,0.16622960773625825,0.007866185012033495,False,"['van', 'op', 'voor', 'over', 'bij']","['van', 'op', 'over', 'voor', ',']",mask
320,4,5,25,hiervan,7,4.79,3.8028194594438642,20,ons,3,6.21,7.638322155814917,14.347259521484375,12.945066452026367,1.4021930694580078,0.0030160946495272367,0.017722417557562372,0.01470632290803513,0.5635642373087696,0.5909689301385888,0.027404692829819503,False,"['het', 'de', 'een', 'dit', 'zijn']","['het', 'de', 'een', 'dit', 'zijn']",mask
321,4,5,25,hiervan,7,4.79,3.8028194594438642,21,consumentengedrag,17,1.65,13.072839964903887,19.865455627441406,19.548778533935547,0.3166770935058594,0.014092935207398464,0.04127112067500517,0.027178185467606707,0.2322548592471421,0.24064708277447808,0.00839222352733602,True,"['Aarde', 'aarde', 'Maan', 'land', 'zon']","['Aarde', 'aarde', 'land', 'Maan', 'zon']",mask
322,4,5,25,hiervan,7,4.79,3.8028194594438642,22,en,2,7.4,2.7895911363554653,0.5468068718910217,0.589150071144104,-0.042343199253082275,0.4824947146220677,0.6012005233835895,0.11870580876152169,-1.4733659101722585,0.09040219816930557,1.5637681083415644,False,"['en', ',', 'of', 'door', 'op']","['en', 'onder', 'door', ',', 'van']",mask
323,4,5,25,hiervan,7,4.79,3.8028194594438642,23,de,2,7.73,1.2833386593754068,0.25890010595321655,0.05170683190226555,0.207193274050951,0.14190625330592027,0.2039438651567307,0.06203761185081051,-3.7719924512658722,0.002145801650721392,3.7741382529165937,False,"['de', 'het', 'een', 'die', 'alle']","['de', 'ons', 'het', 'onze', 'van']",mask
324,4,5,25,hiervan,7,4.79,3.8028194594438642,24,invloed,7,4.98,4.159986831782142,8.411187171936035,4.8542280197143555,3.5569591522216797,1.1784543615769332,1.4722544982749073,0.29380013669797406,-2.346562095999355,0.03796658996243375,2.3845286859617882,False,"['ontwikkeling', 'dag', 'hoogte', 'kracht', 'afstand']","['dag', 'ontwikkeling', 'plaats', 'Dag', 'mens']",mask
325,4,5,26,op,2,7.12,0.07225006394587614,0,Deze,4,6.51,0.0,2.766470432281494,2.69402813911438,0.07244229316711426,0.0016798537195083932,0.021955864189817605,0.020276010470309223,0.10213634167519973,0.10651388025222498,0.004377538577025254,False,"['De', 'Deze', 'de', 'Die', 'Een']","['De', 'Deze', 'de', 'Die', 'Een']",mask
326,4,5,26,op,2,7.12,0.07225006394587614,1,dag,3,5.99,7.960270997142054,0.3724372982978821,0.3638797700405121,0.008557528257369995,0.0004803900972237739,0.009253085882258264,0.008772695785034493,0.2292220611009583,0.23016539781894527,0.0009433367179869204,False,"['dag', 'Dag', 'dagen', 'datum', 'maand']","['dag', 'Dag', 'dagen', 'datum', 'maand']",mask
327,4,5,26,op,2,7.12,0.07225006394587614,2,heeft,5,6.56,5.860712680986266,0.5605889558792114,0.5699731111526489,-0.0093841552734375,0.009033084329480513,0.04571888569171657,0.036685801362236044,0.393490341990187,0.40974072007288354,0.01625037808269655,False,"['heeft', 'is', 'ten', 'had', 'geeft']","['heeft', 'is', 'ten', 'had', 'geeft']",mask
328,4,5,26,op,2,7.12,0.07225006394587614,3,verwantschap,12,2.97,22.48877829163946,13.44167709350586,13.500364303588867,-0.05868721008300781,0.0052085833063631,0.045073472674885186,0.039864889368522026,0.2380985924776481,0.26863247084113373,0.0305338783634855,True,"[',', 'samen', 'verband', 'betrekking', '-']","[',', 'samen', 'ook', '-', 'plaats']",mask
329,4,5,26,op,2,7.12,0.07225006394587614,4,met,3,7.0,0.15751949819402128,0.0221517626196146,0.018004700541496277,0.004147062078118324,0.00045219270313583257,0.004104348143777124,0.0036521554406412885,-0.30595589735313733,0.00033293056500984956,0.3062888279181471,False,"['met', 'aan', 'op', 'van', 'tot']","['met', 'aan', 'op', 'van', 'tot']",mask
330,4,5,26,op,2,7.12,0.07225006394587614,5,de,2,7.73,2.0041799825228988,0.04537971690297127,0.04420582205057144,0.001173894852399826,0.00012265693041438894,0.0018570969283845608,0.0017344399979701717,0.09899324115120549,0.10126665981132021,0.0022734186601146957,False,"['de', 'De', 'het', 'deze', ':']","['de', 'De', 'het', 'deze', ':']",mask
331,4,5,26,op,2,7.12,0.07225006394587614,6,Dag,3,5.99,6.815850462214928,2.9171271324157715,2.452500581741333,0.4646265506744385,0.015496200736434327,0.09018841495885097,0.07469221422241663,0.2213514736522782,0.22373910770504693,0.0023876340527687312,False,"['dag', 'Dag', 'dagen', '##dag', 'zon']","['dag', 'Dag', 'dagen', '##dag', 'zon']",mask
332,4,5,26,op,2,7.12,0.07225006394587614,7,van,3,7.51,0.12409404175194007,0.010590599849820137,0.009646524675190449,0.0009440751746296883,0.00011221578300513453,0.0009701872163167508,0.000857971433311616,-0.46962207390743016,6.852896381857812e-05,0.4696906028712489,False,"['van', 'op', 'voor', 'Op', 'met']","['van', 'op', 'voor', 'Op', 'aan']",mask
333,4,5,26,op,2,7.12,0.07225006394587614,8,de,2,7.73,0.3832060809473876,0.011141380295157433,0.01303896401077509,-0.0018975837156176567,0.00039291260453803436,0.0023853779911497276,0.0019924653866116937,0.6733742841456483,0.6742584091709122,0.0008841250252641281,False,"['de', 'De', 'het', 'den', 'onze']","['de', 'De', 'het', 'onze', 'den']",mask
334,4,5,26,op,2,7.12,0.07225006394587614,9,"Aarde,",6,4.96,11.975373645992631,8.078736305236816,7.720688343048096,0.3580479621887207,0.05168376384758795,0.19112435614955472,0.13944059230196673,0.34812005331772783,0.3484326086231128,0.00031255530538502126,True,"['Dag', 'Markt', 'dag', 'Mens', 'Kerk']","['Dag', 'Markt', 'dag', 'Mens', 'Maas']",mask
335,4,5,26,op,2,7.12,0.07225006394587614,10,een,3,7.41,5.105330976111836,0.07197190821170807,0.07334169745445251,-0.0013697892427444458,0.0006816085045530293,0.004921959570573915,0.0042403510660208865,0.2792149621619427,0.2848216490426074,0.005606686880664753,False,"['een', 'het', 'dus', 'dit', 'elk']","['een', 'het', 'dus', 'dit', 'elk']",mask
336,4,5,26,op,2,7.12,0.07225006394587614,11,ander,5,5.37,8.784241436822832,3.8825666904449463,3.5525009632110596,0.3300657272338867,0.026878491261425923,0.13378462702163632,0.10690613576021037,0.2684390989067044,0.2737843607616744,0.005345261854970112,False,"['jaarlijks', 'ander', 'Amerikaans', 'Nederlands', 'dag']","['jaarlijks', 'ander', 'Amerikaans', 'Nederlands', 'internationaal']",mask
337,4,5,26,op,2,7.12,0.07225006394587614,12,jaarlijks,9,4.64,6.0062886101704915,4.286185264587402,4.45562744140625,-0.16944217681884766,0.014476827688649224,0.09010997724835368,0.07563314955970445,0.1404470115485956,0.15366774000237451,0.013220728453778991,False,"['Amerikaans', 'internationale', 'ander', 'soort', 'internationaal']","['soort', 'ander', 'internationaal', 'jaarlijks', 'internationale']",mask
338,4,5,26,op,2,7.12,0.07225006394587614,13,evenement,9,4.68,1.3172822565247309,11.986916542053223,12.009254455566406,-0.022337913513183594,0.015414312731238779,0.09339932464531406,0.07798501191407525,0.10184371533138636,0.10666702588622992,0.004823310554843561,True,"['jaarlijks', 'jaar', 'dag', 'land', ',']","['jaarlijks', 'jaar', 'dag', 'land', ',']",mask
339,4,5,26,op,2,7.12,0.07225006394587614,14,met,3,7.0,5.429462473282928,0.04189842566847801,0.04374270141124725,-0.0018442757427692413,0.0073983458367922385,0.015202531543101224,0.007804185706308978,-0.916388141518655,0.0028398319452917916,0.9192279734639468,False,"['met', 'heeft', 'hebben', 'dat', 'voor']","['met', 'heeft', 'dat', 'hebben', 'voor']",mask
340,4,5,26,op,2,7.12,0.07225006394587614,15,als,3,6.8,4.1244877936113085,2.033918857574463,2.4647626876831055,-0.4308438301086426,0.02018521003258468,0.10288428278785922,0.08269907275527448,0.5120303594259203,0.5268356458986341,0.014805286472713645,False,"['de', 'als', 'die', 'dezelfde', 'ter']","['de', 'als', 'die', 'dezelfde', 'voor']",mask
341,4,5,26,op,2,7.12,0.07225006394587614,16,doelstelling,12,3.98,10.564166919497012,0.19784851372241974,0.23970714211463928,-0.04185862839221954,0.008766561661962744,0.04909084237578115,0.04032428071381841,0.379948548878501,0.38578637470292704,0.005837825824425954,True,"['doel', 'thema', 'gevolg', 'bod', 'hoofd']","['doel', 'gevolg', 'thema', 'bod', 'hoofd']",mask
342,4,5,26,op,2,7.12,0.07225006394587614,17,de,2,7.73,2.1865145086006206,0.04753413796424866,0.04204857349395752,0.005485564470291138,0.0007601100809002658,0.006518171004278732,0.005758060923378464,0.32971172974576446,0.43567013127861337,0.1059584015328489,False,"['de', 'een', 'het', 'De', 'ter']","['de', 'een', 'het', 'De', 'ter']",mask
343,4,5,26,op,2,7.12,0.07225006394587614,18,bewustwording,13,3.7,6.985605762108192,12.644608497619629,11.452571868896484,1.1920366287231445,0.3521473760596122,0.6152026366853711,0.26305526062575896,0.6074564062692436,0.6094293066319018,0.0019729003626580656,True,"['invloed', 'hoogte', 'positie', 'ontwikkeling', 'groei']","['invloed', 'groei', 'ontwikkeling', 'positie', 'hoogte']",mask
344,4,5,26,op,2,7.12,0.07225006394587614,19,van,3,7.51,1.4072405045802996,0.016955960541963577,0.0073268902488052845,0.009629070293158293,0.003819540144714374,0.009580291934786494,0.005760751790072116,-2.065259893100666,5.906513120456756e-05,2.0653189582318703,False,"['van', 'op', 'voor', 'over', 'bij']","['van', 'op', 'voor', 'over', 'bij']",mask
345,4,5,26,op,2,7.12,0.07225006394587614,20,ons,3,6.21,7.638322155814917,12.945066452026367,12.77268123626709,0.17238521575927734,0.000257421417591782,0.004635184994326447,0.004377763576734665,-0.11822677117271933,0.05689098708654926,0.17511775825926856,False,"['het', 'de', 'een', 'dit', 'zijn']","['het', 'de', 'een', 'dit', 'zijn']",mask
346,4,5,26,op,2,7.12,0.07225006394587614,21,consumentengedrag,17,1.65,13.072839964903887,19.548778533935547,19.55038833618164,-0.00160980224609375,0.009088389618149489,0.03478106184890245,0.02569267223075298,-0.36864744515341236,0.019946230589052476,0.38859367574246484,True,"['Aarde', 'aarde', 'Maan', 'land', 'zon']","['Aarde', 'aarde', 'Maan', 'land', 'zon']",mask
347,4,5,26,op,2,7.12,0.07225006394587614,22,en,2,7.4,2.7895911363554653,0.589150071144104,0.3277032971382141,0.2614467740058899,0.12430724059657293,0.2083233725886746,0.08401613199210162,-2.66440335802613,0.0006254638751971009,2.6650288219013265,False,"['en', ',', 'of', 'van', 'door']","['en', ',', 'of', 'door', 'op']",mask
348,4,5,26,op,2,7.12,0.07225006394587614,23,de,2,7.73,1.2833386593754068,0.05170683190226555,0.016295546665787697,0.03541128523647785,0.019057484579232516,0.03502005550540639,0.01596257092617387,-2.7639694170582954,0.00020768993219142894,2.7641771069904864,False,"['de', 'het', 'alle', 'die', 'een']","['de', 'het', 'een', 'die', 'alle']",mask
349,4,5,26,op,2,7.12,0.07225006394587614,24,invloed,7,4.98,4.159986831782142,4.8542280197143555,2.666771650314331,2.1874563694000244,0.4614496196949189,0.7611608988664152,0.2997112791714965,-0.08964934778906512,0.17229967668242488,0.2619490244714898,False,"['invloed', 'dag', 'ontwikkeling', 'wijze', 'positie']","['ontwikkeling', 'dag', 'hoogte', 'kracht', 'afstand']",mask
350,4,5,26,op,2,7.12,0.07225006394587614,25,hiervan,7,4.79,3.8028194594438642,8.25318431854248,2.4810047149658203,5.77217960357666,3.1167918358774593,3.598500564377144,0.4817087284996855,-0.5269282465433602,0.10785751670755539,0.6347857632509154,False,"['##en', 'van', 'hiervan', 'die', 'op']","['van', 'op', 'in', '##en', 'der']",mask
351,4,5,27,de,2,7.73,1.5929820278586933,0,Deze,4,6.51,0.0,2.69402813911438,4.144244194030762,-1.4502160549163818,0.13959436164903505,0.22802188611585578,0.08842752446682076,0.9757327024456457,0.9877899626627433,0.012057260217097729,False,"['De', 'Deze', 'de', 'Die', 'Een']","['De', 'Deze', 'de', 'Die', 'Een']",mask
352,4,5,27,de,2,7.73,1.5929820278586933,1,dag,3,5.99,7.960270997142054,0.3638797700405121,0.615783154964447,-0.25190338492393494,0.07097707928184306,0.23536317424125436,0.16438609495941126,3.122721327366143,3.1227689187823398,4.759141619639005e-05,False,"['dag', 'Dag', 'dagen', 'datum', 'maand']","['dag', 'Dag', 'dagen', 'datum', 'maand']",mask
353,4,5,27,de,2,7.73,1.5929820278586933,2,heeft,5,6.56,5.860712680986266,0.5699731111526489,0.820205807685852,-0.2502326965332031,0.11445863414398143,0.29963753620675143,0.18517890206277005,0.8129388328720274,0.8686538041469867,0.055714971274959516,False,"['heeft', 'ten', 'is', 'had', 'geeft']","['heeft', 'is', 'ten', 'had', 'geeft']",mask
354,4,5,27,de,2,7.73,1.5929820278586933,3,verwantschap,12,2.97,22.48877829163946,13.500364303588867,12.08500862121582,1.4153556823730469,0.24827870366746088,0.5011177457368802,0.25283904206941943,0.8272280215206527,0.8312163213878478,0.003988299867195332,True,"[',', 'samen', 'betrekking', 'verband', 'plaats']","[',', 'samen', 'verband', 'betrekking', '-']",mask
355,4,5,27,de,2,7.73,1.5929820278586933,4,met,3,7.0,0.15751949819402128,0.018004700541496277,0.037268731743097305,-0.01926403120160103,0.008265284668801939,0.027046026223413424,0.018780741554611485,1.39099361025644,1.3910883153144127,9.47050579727004e-05,False,"['met', 'aan', 'op', 'tot', 'van']","['met', 'aan', 'op', 'van', 'tot']",mask
356,4,5,27,de,2,7.73,1.5929820278586933,5,de,2,7.73,2.0041799825228988,0.04420582205057144,0.04283798858523369,0.0013678334653377533,0.0008383956140316391,0.004414318124189062,0.0035759225101574237,-0.3827556433757817,0.04660619981968346,0.42936184319546516,False,"['de', 'De', 'het', 'een', ':']","['de', 'De', 'het', 'deze', ':']",mask
357,4,5,27,de,2,7.73,1.5929820278586933,6,Dag,3,5.99,6.815850462214928,2.452500581741333,2.738560914993286,-0.2860603332519531,0.010791558576938417,0.05385386825549379,0.04306230967855535,1.5862697383420814,1.5865462860812762,0.00027654773919452827,False,"['dag', 'Dag', 'dagen', '##dag', 'zon']","['dag', 'Dag', 'dagen', '##dag', 'zon']",mask
358,4,5,27,de,2,7.73,1.5929820278586933,7,van,3,7.51,0.12409404175194007,0.009646524675190449,0.01150382962077856,-0.0018573049455881119,0.0003179225284061602,0.0022243445763798805,0.0019064220479737203,-0.7818845446180369,0.04720622684999447,0.8290907714680315,False,"['van', 'op', 'voor', 'Op', 'aan']","['van', 'op', 'voor', 'Op', 'met']",mask
359,4,5,27,de,2,7.73,1.5929820278586933,8,de,2,7.73,0.3832060809473876,0.01303896401077509,0.006348498165607452,0.006690465845167637,0.003010941385399735,0.006696774181480905,0.0036858327960811706,-1.54575272346387,0.002795168328958264,1.5485478917928284,False,"['de', 'De', 'het', 'onze', 'den']","['de', 'De', 'het', 'den', 'onze']",mask
360,4,5,27,de,2,7.73,1.5929820278586933,9,"Aarde,",6,4.96,11.975373645992631,7.720688343048096,7.090884208679199,0.6298041343688965,0.15113478246079184,0.3665709435151523,0.2154361610543604,1.0464120820584872,1.054867394936074,0.008455312877586567,True,"['Dag', 'Markt', 'dag', 'Maas', 'Mens']","['Dag', 'Markt', 'dag', 'Mens', 'Kerk']",mask
361,4,5,27,de,2,7.73,1.5929820278586933,10,een,3,7.41,5.105330976111836,0.07334169745445251,0.07853511720895767,-0.0051934197545051575,0.005804992173250192,0.01801725267302857,0.012212260499778381,0.6738900066344414,0.7166325657192194,0.04274255908477803,False,"['een', 'het', 'Een', 'dit', 'dus']","['een', 'het', 'dus', 'dit', 'elk']",mask
362,4,5,27,de,2,7.73,1.5929820278586933,11,ander,5,5.37,8.784241436822832,3.5525009632110596,4.405834197998047,-0.8533332347869873,0.10392258710152408,0.27164441364118674,0.16772182653966278,-0.9157506205804276,0.016268397910267733,0.9320190184906957,False,"['jaarlijks', 'Nederlands', 'Amerikaans', 'ander', 'internationaal']","['jaarlijks', 'ander', 'Amerikaans', 'Nederlands', 'dag']",mask
363,4,5,27,de,2,7.73,1.5929820278586933,12,jaarlijks,9,4.64,6.0062886101704915,4.45562744140625,4.358807563781738,0.09681987762451172,0.08299950327414389,0.24298583601786616,0.1599863327437223,-0.14849211732416195,0.11190488563346358,0.26039700295762547,False,"['internationaal', 'internationale', 'Amerikaans', 'jaarlijks', 'ander']","['Amerikaans', 'internationale', 'ander', 'soort', 'internationaal']",mask
364,4,5,27,de,2,7.73,1.5929820278586933,13,evenement,9,4.68,1.3172822565247309,12.009254455566406,11.737933158874512,0.27132129669189453,0.08996463375742253,0.25950605166466445,0.16954141790724195,0.15395774624029437,0.193201253442385,0.039243507202090605,True,"['jaarlijks', 'jaar', 'land', 'dag', 'festival']","['jaarlijks', 'jaar', 'dag', 'land', ',']",mask
365,4,5,27,de,2,7.73,1.5929820278586933,14,met,3,7.0,5.429462473282928,0.04374270141124725,0.1494063436985016,-0.10566364228725433,0.08892557407732077,0.18541346692449498,0.09648789284717416,-0.37595879176361835,0.08414890879066812,0.4601077005542866,False,"['met', 'heeft', 'hebben', 'had', 'voor']","['met', 'heeft', 'hebben', 'dat', 'voor']",mask
366,4,5,27,de,2,7.73,1.5929820278586933,15,als,3,6.8,4.1244877936113085,2.4647626876831055,2.063595771789551,0.4011669158935547,0.02448244876168452,0.12553889323639342,0.10105644447470896,0.25797993329152924,0.37371730495019856,0.11573737165866956,False,"['de', 'als', 'dezelfde', 'die', 'ter']","['de', 'als', 'die', 'dezelfde', 'ter']",mask
367,4,5,27,de,2,7.73,1.5929820278586933,16,doelstelling,12,3.98,10.564166919497012,0.23970714211463928,0.5015938878059387,-0.26188674569129944,0.140500047322975,0.3277130430508782,0.18721299572790323,0.6313362374686542,0.6500621445866441,0.018725907117989788,True,"['doel', 'thema', 'gevolg', 'hoofd', 'bod']","['doel', 'thema', 'gevolg', 'bod', 'hoofd']",mask
368,4,5,27,de,2,7.73,1.5929820278586933,17,de,2,7.73,2.1865145086006206,0.04204857349395752,0.07259581983089447,-0.03054724633693695,0.015265462645946708,0.04444744980697856,0.029181987161031868,-0.08235211009112177,0.14479561481752826,0.22714772490865004,False,"['de', 'een', 'De', ':', 'het']","['de', 'een', 'het', 'De', 'ter']",mask
369,4,5,27,de,2,7.73,1.5929820278586933,18,bewustwording,13,3.7,6.985605762108192,11.452571868896484,11.46403694152832,-0.011465072631835938,0.08363859206039585,0.24816906759769572,0.1645304755372999,-0.5065824541243582,0.06303707766156659,0.5696195317859247,True,"['invloed', 'hoogte', 'groei', 'ontwikkeling', 'kracht']","['invloed', 'hoogte', 'positie', 'ontwikkeling', 'groei']",mask
370,4,5,27,de,2,7.73,1.5929820278586933,19,van,3,7.51,1.4072405045802996,0.0073268902488052845,0.0115621667355299,-0.004235276486724615,0.0012594270351607645,0.0054886034370619915,0.004229176401901228,-0.4843835100011502,0.060064322361421715,0.5444478323625718,False,"['van', 'op', 'over', 'voor', 'bij']","['van', 'op', 'voor', 'over', 'bij']",mask
371,4,5,27,de,2,7.73,1.5929820278586933,20,ons,3,6.21,7.638322155814917,12.77268123626709,14.980316162109375,-2.207634925842285,0.0020447490057133493,0.009550292860139241,0.0075055438544258946,-2.4033534864991637,0.0013515072883855562,2.4047049937875493,False,"['het', 'de', 'een', 'dit', 'zijn']","['het', 'de', 'een', 'dit', 'zijn']",mask
372,4,5,27,de,2,7.73,1.5929820278586933,21,consumentengedrag,17,1.65,13.072839964903887,19.55038833618164,19.512439727783203,0.0379486083984375,0.04213626812786358,0.0948775856758773,0.05274131754801375,0.17615442080708485,0.2491739385340162,0.07301951772693131,True,"['Aarde', 'aarde', 'land', 'lichaam', 'leven']","['Aarde', 'aarde', 'Maan', 'land', 'zon']",mask
373,4,5,27,de,2,7.73,1.5929820278586933,22,en,2,7.4,2.7895911363554653,0.3277032971382141,0.22654885053634644,0.10115444660186768,0.03571005602540745,0.11423965254171663,0.07852959651630914,-0.7753632527948915,0.04612114161817466,0.8214843944130661,False,"['en', ',', 'door', 'van', 'of']","['en', ',', 'of', 'van', 'door']",mask
374,4,5,27,de,2,7.73,1.5929820278586933,23,de,2,7.73,1.2833386593754068,0.016295546665787697,0.010674456134438515,0.005621090531349182,0.001887699628599651,0.00570450866344925,0.003816809034849598,-1.7255466392981376,0.0002201555122180564,1.7257667948103552,False,"['de', 'het', 'een', 'die', 'alle']","['de', 'het', 'alle', 'die', 'een']",mask
375,4,5,27,de,2,7.73,1.5929820278586933,24,invloed,7,4.98,4.159986831782142,2.666771650314331,2.381901264190674,0.2848703861236572,0.29909751816452274,0.5175234191551908,0.21842590099066808,-0.30152628231747364,0.2967168788214237,0.5982431611388971,False,"['invloed', 'dag', 'ontwikkeling', 'plaats', 'aanval']","['invloed', 'dag', 'ontwikkeling', 'wijze', 'positie']",mask
376,4,5,27,de,2,7.73,1.5929820278586933,25,hiervan,7,4.79,3.8028194594438642,2.4810047149658203,4.522963047027588,-2.0419583320617676,1.029721430986358,1.2649495617792497,0.23522813079289126,-1.1113319335653966,0.0020493266033019,1.1133812601686985,False,"['##en', 'hiervan', 'die', '##e', 'van']","['##en', 'van', 'hiervan', 'die', 'op']",mask
377,4,5,27,de,2,7.73,1.5929820278586933,26,op,2,7.12,0.07225006394587614,2.2083487510681152,0.1696062684059143,2.038742482662201,1.9195091517550857,1.958982473539691,0.039473321784605934,-5.793640600856239,0.0005041853357881047,5.794144786192028,False,"['op', 'in', 'onder', 'aan', 'door']","['te', 'op', 'ter', 'in', 'ten']",mask
378,4,5,28,aarde,5,4.96,3.217268127770506,0,Deze,4,6.51,0.0,4.144244194030762,3.650455951690674,0.4937882423400879,0.4103586197483562,0.7480889063059936,0.3377302865576374,0.29960809043053704,0.4791026355217748,0.1794945450912377,False,"['De', 'de', 'Deze', 'deze', 'Die']","['De', 'Deze', 'de', 'Die', 'Een']",mask
379,4,5,28,aarde,5,4.96,3.217268127770506,1,dag,3,5.99,7.960270997142054,0.615783154964447,0.24819250404834747,0.36759065091609955,0.18446468065275967,0.3466709810101811,0.1622063003574215,-1.3852054787530639,0.005656356114844389,1.390861834867908,False,"['dag', 'Dag', 'dagen', 'datum', 'maand']","['dag', 'Dag', 'dagen', 'datum', 'maand']",mask
380,4,5,28,aarde,5,4.96,3.217268127770506,2,heeft,5,6.56,5.860712680986266,0.820205807685852,1.2983366250991821,-0.4781308174133301,0.1649955565445614,0.4092622673848353,0.24426671084027388,-1.4825344459330594,0.009085238225020255,1.4916196841580802,False,"['heeft', 'ten', 'is', 'had', 'in']","['heeft', 'ten', 'is', 'had', 'geeft']",mask
381,4,5,28,aarde,5,4.96,3.217268127770506,3,verwantschap,12,2.97,22.48877829163946,12.08500862121582,11.090757369995117,0.9942512512207031,0.3535209904484874,0.672972005470298,0.31945101502181056,0.26291571088246224,0.39646219164263186,0.13354648076016964,True,"[',', 'samen', 'betrekking', 'verband', 'plaats']","[',', 'samen', 'betrekking', 'verband', 'plaats']",mask
382,4,5,28,aarde,5,4.96,3.217268127770506,4,met,3,7.0,0.15751949819402128,0.037268731743097305,0.07128917425870895,-0.03402044251561165,0.012747049676192251,0.04512786843786541,0.03238081876167314,-0.16226651312018928,0.166598891853742,0.32886540497393135,False,"['met', 'aan', 'op', 'van', 'tot']","['met', 'aan', 'op', 'tot', 'van']",mask
383,4,5,28,aarde,5,4.96,3.217268127770506,5,de,2,7.73,2.0041799825228988,0.04283798858523369,0.05723557993769646,-0.014397591352462769,0.00925408241475317,0.025724880483094566,0.016470798068341407,-1.2155471422849093,0.025080001542496583,1.2406271438274055,False,"['de', 'De', 'het', ':', 'die']","['de', 'De', 'het', 'een', ':']",mask
384,4,5,28,aarde,5,4.96,3.217268127770506,6,Dag,3,5.99,6.815850462214928,2.738560914993286,1.9223841428756714,0.8161767721176147,0.06728116001423391,0.22294374229059807,0.1556625822763642,-1.9368037636481503,0.0019267424030899266,1.93873050605124,False,"['dag', 'Dag', 'dagen', '##dag', 'Day']","['dag', 'Dag', 'dagen', '##dag', 'zon']",mask
385,4,5,28,aarde,5,4.96,3.217268127770506,7,van,3,7.51,0.12409404175194007,0.01150382962077856,0.034928079694509506,-0.023424250073730946,0.02430167888131398,0.04813848255587513,0.02383680367456114,-0.48363916661235923,0.029182262488389274,0.5128214291007486,False,"['van', 'op', 'Op', 'voor', 'over']","['van', 'op', 'voor', 'Op', 'aan']",mask
386,4,5,28,aarde,5,4.96,3.217268127770506,8,de,2,7.73,0.3832060809473876,0.006348498165607452,0.006308250594884157,4.024757072329521e-05,0.0004205520299237853,0.0008997272735380481,0.00047917524361426307,-3.357045287116439,0.00020828240450057294,3.3572535695209393,False,"['de', 'De', 'het', 'den', 'die']","['de', 'De', 'het', 'onze', 'den']",mask
387,4,5,28,aarde,5,4.96,3.217268127770506,9,"Aarde,",6,4.96,11.975373645992631,7.090884208679199,3.0195276737213135,4.071356534957886,5.25493227124529,5.518563606636524,0.2636313353912337,4.346395291257935,4.4321710470202165,0.08577575576228057,True,"['aarde', 'Aarde', 'Maan', 'wereld', 'Dag']","['Dag', 'Markt', 'dag', 'Maas', 'Mens']",mask
388,4,5,28,aarde,5,4.96,3.217268127770506,10,een,3,7.41,5.105330976111836,0.07853511720895767,0.10890458524227142,-0.03036946803331375,0.012424525779968682,0.04452223871554786,0.03209771293557919,-1.6016368558823262,0.008921421018235806,1.6105582769005622,False,"['een', 'het', 'dit', 'dus', 'ook']","['een', 'het', 'Een', 'dit', 'dus']",mask
389,4,5,28,aarde,5,4.96,3.217268127770506,11,ander,5,5.37,8.784241436822832,4.405834197998047,4.874830722808838,-0.468996524810791,0.03999213876585232,0.1560956395530769,0.1161035007872246,-0.7064545445167134,0.05792333709188214,0.7643778816085958,False,"['jaarlijks', 'Nederlands', 'Amerikaans', 'ander', 'maand']","['jaarlijks', 'Nederlands', 'Amerikaans', 'ander', 'internationaal']",mask
390,4,5,28,aarde,5,4.96,3.217268127770506,12,jaarlijks,9,4.64,6.0062886101704915,4.358807563781738,4.029719352722168,0.3290882110595703,0.08750412427143894,0.25239159876718614,0.16488747449574723,-0.1801882888135596,0.3050571199553776,0.4852454087689373,False,"['internationale', 'jaarlijks', 'internationaal', 'Amerikaans', 'Europese']","['internationaal', 'internationale', 'Amerikaans', 'jaarlijks', 'ander']",mask
391,4,5,28,aarde,5,4.96,3.217268127770506,13,evenement,9,4.68,1.3172822565247309,11.737933158874512,11.75313663482666,-0.015203475952148438,0.0848508113812439,0.24107024534931726,0.15621943396807342,-0.491909224177472,0.054788328157047775,0.5466975523345196,True,"['jaarlijks', 'jaar', 'land', 'dag', ',']","['jaarlijks', 'jaar', 'land', 'dag', 'festival']",mask
392,4,5,28,aarde,5,4.96,3.217268127770506,14,met,3,7.0,5.429462473282928,0.1494063436985016,0.1779448539018631,-0.02853851020336151,0.0034298961923569745,0.0297298807694036,0.02629998457704663,-0.961036610331811,0.01360192203698551,0.9746385323687967,False,"['met', 'heeft', 'hebben', 'had', 'Met']","['met', 'heeft', 'hebben', 'had', 'voor']",mask
393,4,5,28,aarde,5,4.96,3.217268127770506,15,als,3,6.8,4.1244877936113085,2.063595771789551,1.8247753381729126,0.23882043361663818,0.03512589324249285,0.14663610828364357,0.11151021504115068,-0.5056785622124824,0.13721230830549697,0.6428908705179793,False,"['de', 'als', 'die', 'dezelfde', 'ten']","['de', 'als', 'dezelfde', 'die', 'ter']",mask
394,4,5,28,aarde,5,4.96,3.217268127770506,16,doelstelling,12,3.98,10.564166919497012,0.5015938878059387,0.8162639141082764,-0.31467002630233765,0.15339477108065305,0.3520092535348581,0.19861448245420504,0.027593736884362043,0.3802461251814079,0.3526523882970458,True,"['doel', 'thema', 'dag', 'hoofd', 'gevolg']","['doel', 'thema', 'gevolg', 'hoofd', 'bod']",mask
395,4,5,28,aarde,5,4.96,3.217268127770506,17,de,2,7.73,2.1865145086006206,0.07259581983089447,0.09915032237768173,-0.026554502546787262,0.012682266236324596,0.0384557519006672,0.0257734856643426,-0.20645772044296598,0.23167133423198646,0.43812905467495245,False,"['de', 'een', ':', 'De', 'het']","['de', 'een', 'De', ':', 'het']",mask
396,4,5,28,aarde,5,4.96,3.217268127770506,18,bewustwording,13,3.7,6.985605762108192,11.46403694152832,10.391752243041992,1.0722846984863281,0.255000431290213,0.47565625939950845,0.22065582810929535,-0.7167135511672591,0.016124843278959796,0.7328383944462189,True,"['hoogte', 'dag', 'ontwikkeling', 'groei', 'invloed']","['invloed', 'hoogte', 'groei', 'ontwikkeling', 'kracht']",mask
397,4,5,28,aarde,5,4.96,3.217268127770506,19,van,3,7.51,1.4072405045802996,0.0115621667355299,0.021386850625276566,-0.009824683889746666,0.0035943968803309506,0.01327838611988234,0.009683989239551395,-0.823483221393686,0.03288041437258738,0.8563636357662732,False,"['van', 'op', 'over', 'voor', 'bij']","['van', 'op', 'over', 'voor', 'bij']",mask
398,4,5,28,aarde,5,4.96,3.217268127770506,20,ons,3,6.21,7.638322155814917,14.980316162109375,13.90580940246582,1.0745067596435547,0.0026346760809694025,0.020672058600702398,0.018037382519733004,0.9217958690808903,0.9338132802594293,0.012017411178538785,False,"['het', 'de', 'dit', 'een', 'zijn']","['het', 'de', 'een', 'dit', 'zijn']",mask
399,4,5,28,aarde,5,4.96,3.217268127770506,21,consumentengedrag,17,1.65,13.072839964903887,19.512439727783203,17.609554290771484,1.9028854370117188,0.35968372783104713,0.6627064036444777,0.3030226758134308,0.1591494592194345,0.5004383819488832,0.3412889227294486,True,"['Aarde', 'aarde', 'land', 'God', 'Land']","['Aarde', 'aarde', 'land', 'lichaam', 'leven']",mask
400,4,5,28,aarde,5,4.96,3.217268127770506,22,en,2,7.4,2.7895911363554653,0.22654885053634644,0.2309560775756836,-0.004407227039337158,0.01575925656958014,0.04559760377178798,0.029838347202207852,-1.8981094229086244,0.002882109279370875,1.9009915321879953,False,"['en', ',', 'van', 'door', 'over']","['en', ',', 'door', 'van', 'of']",mask
401,4,5,28,aarde,5,4.96,3.217268127770506,23,de,2,7.73,1.2833386593754068,0.010674456134438515,0.01456791628152132,-0.0038934601470828056,0.002286556590336932,0.007037419285133425,0.004750862694796492,0.19161492117342369,0.19627510973173767,0.004660188558313946,False,"['de', 'het', 'die', 'van', 'onze']","['de', 'het', 'een', 'die', 'alle']",mask
402,4,5,28,aarde,5,4.96,3.217268127770506,24,invloed,7,4.98,4.159986831782142,2.381901264190674,1.069503664970398,1.3123975992202759,0.483594334790186,0.7363862587745442,0.2527919239843587,-1.2380798652989882,0.0075478061219139535,1.2456276714209016,False,"['invloed', 'positie', 'ontwikkeling', 'aanval', 'wijze']","['invloed', 'dag', 'ontwikkeling', 'plaats', 'aanval']",mask
403,4,5,28,aarde,5,4.96,3.217268127770506,25,hiervan,7,4.79,3.8028194594438642,4.522963047027588,4.042063236236572,0.4808998107910156,0.030667755703608565,0.09571954495679638,0.06505178925318784,1.3915682133812262,1.4048172276409578,0.01324901425973122,False,"['##en', 'hiervan', 'ervan', 'daarvan', 'van']","['##en', 'hiervan', 'die', '##e', 'van']",mask
404,4,5,28,aarde,5,4.96,3.217268127770506,26,op,2,7.12,0.07225006394587614,0.1696062684059143,0.10086429119110107,0.06874197721481323,0.06226093852236492,0.10545977141532546,0.043198832892960566,-0.23038057657939068,0.020370525876447297,0.25075110245583804,False,"['op', 'in', 'van', 'onder', 'aan']","['op', 'in', 'onder', 'aan', 'door']",mask
405,4,5,28,aarde,5,4.96,3.217268127770506,27,de,2,7.73,1.5929820278586933,8.327223777770996,0.014424771070480347,8.312799006700516,8.252502092001777,8.258154997835133,0.005652905833352128,-15.78472659513246,0.00042969462947040863,15.785156289761929,False,"['de', 'onze', 'die', 'deze', 'het']","['Aarde', 'aarde', 'Mars', 'ons', 'land']",mask
